0.00,0.00,0.00
0.00,0.00,0.00
0.00,0.00,0.00
0.00,0.00,0.00
0.00,0.00,0.00
0.00,0.00,0.00
-0.39,1.99,0.00
-1.74,11.50,-0.06
-2.90,25.68,-0.50
-3.29,37.30,-1.09
0.39,41.98,-1.35
2.32,43.54,-1.34
6.97,47.79,-1.17
7.36,56.25,-0.14
6.20,65.82,1.10
4.65,75.69,2.17
3.68,84.04,2.85
3.10,91.26,3.31
4.84,94.80,3.50
5.42,98.90,3.85
4.07,108.65,4.78
3.48,118.14,5.45
2.13,125.64,5.91
0.39,132.88,6.18
-1.94,138.84,6.22
-3.48,145.65,5.99
-5.03,153.58,5.50
-6.20,161.50,4.81
-9.29,166.86,4.22
-10.65,172.32,3.33
-12.00,179.71,1.94
-13.94,186.37,0.52
-15.88,193.54,-1.25
-16.84,200.50,-3.23
-18.78,208.10,-5.54
-20.91,215.76,-8.14
-22.84,221.86,-10.47
-24.97,227.75,-12.95
-27.10,233.28,-15.53
-28.27,239.34,-18.63
-30.98,246.09,-22.26
-35.62,250.47,-24.89
-38.53,254.28,-27.62
-39.49,259.94,-32.12
-40.46,266.29,-37.36
-41.43,272.45,-42.61
-43.17,278.30,-47.77
-46.27,282.85,-52.05
-50.72,285.31,-54.61
-52.66,288.36,-58.34
-54.40,293.27,-64.78
-55.95,298.06,-71.47
-57.89,302.03,-77.35
-59.82,305.50,-82.88
-61.76,308.64,-88.28
-63.31,311.73,-94.03
-64.47,314.66,-99.86
-65.44,317.84,-106.52
-66.41,320.85,-113.10
-68.53,323.98,-120.25
-70.86,326.68,-127.12
-73.57,328.82,-133.29
-78.21,330.26,-138.19
-80.93,331.42,-143.75
-82.67,332.52,-150.61
-84.41,333.44,-157.79
-85.96,334.11,-164.57
-87.89,334.57,-171.08
-89.64,334.79,-177.18
-91.38,334.84,-184.42
-93.12,334.64,-192.51
-95.06,334.21,-200.44
-98.35,333.67,-206.52
-102.61,333.14,-210.17
-104.93,331.90,-215.71
-106.48,329.99,-222.84
-107.25,327.58,-231.01
-109.19,325.22,-238.60
-110.93,323.12,-244.63
-113.06,320.94,-250.33
-114.81,318.55,-255.94
-116.35,315.69,-262.13
-118.29,312.54,-268.48
-120.03,308.98,-275.11
-122.74,305.29,-281.50
***********
0.00,0.00,0.00
0.00,0.00,0.00
0.00,0.00,0.00
0.00,0.00,0.00
0.00,0.00,0.00
0.00,0.00,0.00
1.16,1.14,0.00
1.16,10.78,0.20
0.39,24.97,0.48
0.19,34.76,0.55
-1.36,41.58,0.57
1.55,47.11,0.44
4.07,50.37,0.53
3.68,57.73,1.05
3.48,66.37,1.61
3.10,75.01,2.13
3.29,82.52,2.54
2.71,88.62,2.89
1.74,95.00,3.19
3.48,98.83,3.31
5.81,104.78,3.67
4.45,115.93,4.81
2.52,124.28,5.46
0.39,130.94,5.75
-1.94,139.17,5.81
-4.84,146.41,5.56
-7.16,152.63,5.03
-8.52,158.40,4.31
-9.68,164.86,3.34
-10.65,171.43,2.22
-12.00,178.54,0.88
-13.94,185.49,-0.59
-15.68,192.23,-2.27
-18.20,199.20,-4.22
-20.13,207.29,-6.88
-22.26,214.62,-9.57
-24.97,220.40,-11.94
-25.56,222.59,-12.96
-26.14,228.35,-15.71
-28.07,238.79,-20.84
-31.94,243.80,-23.51
-34.85,245.85,-24.78
-36.78,253.54,-30.14
-38.72,260.81,-35.57
-42.01,265.13,-39.04
-44.33,269.35,-42.84
-46.08,274.93,-48.29
-47.24,279.85,-53.40
-48.98,284.57,-58.51
-52.47,288.49,-63.00
-57.11,291.08,-66.38
-59.24,294.86,-72.22
-60.60,298.99,-79.17
-62.34,302.13,-84.74
-63.50,305.16,-90.52
-64.28,308.33,-96.87
-65.63,310.73,-101.85
-66.41,313.30,-107.54
-67.76,316.77,-115.48
-69.89,320.15,-123.75
-73.18,322.45,-130.01
-77.63,323.39,-133.14
-79.96,324.12,-136.47
-81.89,325.90,-146.53
-84.02,327.04,-154.54
-86.35,327.63,-160.18
-87.51,328.01,-166.13
-88.28,328.34,-173.50
-90.02,328.55,-180.74
-92.15,328.55,-186.84
-94.48,328.28,-193.93
-96.61,327.67,-201.71
-98.74,326.94,-208.06
-101.64,326.05,-213.81
-104.16,324.82,-219.78
-106.29,323.05,-226.80
-107.84,320.90,-234.16
-109.77,318.90,-240.37
-111.51,316.65,-246.65
-113.26,314.31,-252.59
-115.19,311.84,-258.33
-117.13,309.18,-263.98
-119.26,305.88,-270.42
-122.16,301.93,-277.48
-124.29,297.93,-283.84
***********
0.00,0.00,0.00
0.00,0.00,0.00
0.00,0.00,0.00
0.00,0.00,0.00
0.00,0.00,0.00
-0.19,0.14,0.00
0.58,5.25,-0.02
-0.19,20.29,0.14
-0.39,32.92,0.09
-1.74,40.16,0.04
-0.39,47.68,-0.19
2.32,50.80,-0.21
2.13,57.04,0.05
2.13,66.12,0.38
2.52,74.34,0.69
1.74,80.86,0.98
0.97,87.39,1.18
-0.19,94.20,1.29
0.58,99.59,1.27
2.32,105.13,1.33
1.55,113.64,1.67
0.58,122.01,1.90
-1.36,129.39,1.97
-3.10,137.19,1.79
-5.23,145.27,1.35
-6.20,151.91,0.75
-8.13,158.12,0.07
-9.87,164.44,-0.83
-11.62,170.73,-1.93
-13.55,177.40,-3.30
-15.29,184.16,-4.93
-16.46,190.19,-6.58
-18.20,197.67,-8.79
-20.13,206.30,-11.62
-22.84,213.23,-14.16
-25.94,218.46,-16.37
-29.43,221.78,-17.98
-31.36,226.72,-20.77
-32.72,233.39,-24.83
-33.88,240.31,-29.28
-38.33,244.67,-32.21
-41.43,248.90,-35.55
-42.59,255.07,-41.00
-42.98,259.88,-45.42
-44.33,264.86,-50.06
-46.08,270.04,-55.12
-48.59,274.86,-60.13
-50.72,279.09,-64.92
-52.66,282.86,-69.53
-54.79,286.73,-74.61
-56.14,290.74,-80.29
-58.08,294.62,-86.07
-60.21,298.45,-92.21
-61.76,301.83,-98.12
-64.86,304.52,-103.12
-67.57,306.45,-107.23
-68.53,308.77,-112.87
-70.08,311.89,-120.80
-72.21,314.94,-129.21
-74.73,317.15,-136.10
-79.18,318.45,-140.89
-83.25,319.23,-144.93
-85.18,319.99,-151.41
-86.54,320.70,-159.76
-88.09,321.13,-166.84
-89.83,321.33,-172.94
-91.77,321.35,-179.47
-92.15,321.16,-185.43
-90.99,320.98,-190.25
-92.54,320.81,-200.46
-96.41,320.43,-208.97
-102.03,319.97,-213.06
-107.25,319.17,-216.81
-110.93,317.44,-222.36
-111.90,313.85,-231.78
-112.48,310.72,-239.54
-112.09,308.55,-244.79
-109.38,307.48,-247.42
-110.74,304.42,-256.12
-114.42,301.26,-264.48
-117.32,300.38,-266.42
-119.84,297.57,-271.84
-121.97,291.86,-281.81
-125.65,287.57,-288.68
-127.39,286.00,-290.87
***********
0.00,0.00,0.00
0.19,1.28,0.00
-0.97,10.36,0.03
-2.71,26.39,-0.24
-1.74,37.88,-0.78
3.10,41.42,-0.89
5.03,45.67,-0.66
7.55,51.19,-0.18
9.49,57.10,0.61
7.16,65.77,2.06
5.23,74.51,3.15
4.07,82.70,3.90
3.87,89.36,4.38
4.26,94.45,4.72
5.61,99.12,5.07
4.07,108.73,6.01
1.94,118.49,6.71
-1.16,127.29,7.01
-3.87,134.38,6.86
-5.81,140.05,6.48
-7.74,145.69,5.90
-9.68,151.60,5.10
-12.20,157.90,4.03
-14.13,165.11,2.47
-15.88,172.68,0.56
-18.39,179.91,-1.50
-20.91,186.51,-3.69
-23.43,192.48,-5.97
-27.68,196.90,-7.89
-30.40,200.93,-10.00
-31.17,207.29,-13.73
-32.33,214.33,-17.99
-34.07,220.21,-21.71
-35.62,226.32,-25.84
-37.75,231.74,-29.73
-40.08,236.68,-33.55
-41.82,242.44,-38.39
-44.14,247.73,-43.13
-45.88,252.31,-47.57
-48.01,256.56,-51.95
-50.53,260.45,-56.28
-53.43,264.33,-60.99
-55.37,268.39,-66.46
-57.11,272.82,-72.88
-58.47,276.75,-78.96
-60.40,280.46,-85.01
-62.53,283.62,-90.56
-63.50,286.43,-95.98
-64.66,289.72,-102.58
-66.02,293.06,-109.64
-68.73,296.18,-116.64
-71.25,298.60,-122.85
-76.09,300.29,-127.83
-78.99,301.41,-132.37
-81.12,302.63,-138.64
-82.86,303.84,-146.35
-83.83,304.81,-154.10
-85.57,305.59,-161.29
-89.64,305.98,-166.39
-91.38,306.02,-171.92
-92.93,305.83,-179.58
-94.28,305.46,-186.81
-96.41,304.99,-193.18
-97.96,304.32,-199.10
-100.48,303.40,-205.71
-102.61,302.29,-211.71
-104.93,300.92,-217.80
-106.67,298.84,-225.62
-107.84,296.56,-233.23
-108.80,294.43,-239.85
-111.13,292.32,-246.03
-113.45,290.28,-251.33
-115.39,287.79,-257.06
-117.52,284.57,-263.85
-119.84,281.42,-269.89
-121.97,277.82,-276.17
-124.68,274.44,-281.59
-127.00,271.05,-286.49
-128.94,267.63,-291.02
-130.29,263.44,-296.21
-131.65,258.57,-301.95
-133.00,253.76,-307.36
-135.13,248.83,-312.65
-136.10,246.92,-314.55
-136.10,246.92,-314.55
***********
0.00,0.00,0.00
0.00,0.28,0.00
-1.16,3.69,0.00
-1.74,18.87,-0.31
0.00,30.65,-0.67
4.65,34.34,-0.67
6.78,39.57,-0.24
6.58,47.88,0.75
5.23,55.07,1.58
3.68,61.01,2.12
3.29,67.52,2.54
2.13,75.46,3.00
1.74,83.12,3.28
0.58,89.36,3.47
-1.74,96.17,3.54
-3.29,103.83,3.31
-5.61,111.20,2.88
-6.97,117.84,2.23
-8.71,125.02,1.35
-10.07,131.33,0.38
-11.23,138.04,-0.81
-13.16,144.44,-2.08
-15.29,150.66,-3.53
-17.04,157.09,-5.29
-19.17,164.56,-7.58
-20.91,171.66,-10.05
-23.04,178.42,-12.63
-25.56,184.56,-15.24
-29.04,188.66,-17.20
-33.69,191.64,-18.85
-35.62,197.78,-22.95
-36.01,205.62,-28.57
-37.36,211.71,-32.99
-38.91,216.44,-36.61
-40.08,221.08,-40.35
-41.24,226.29,-44.74
-42.98,231.95,-49.70
-44.92,236.73,-54.15
-47.24,241.35,-58.75
-48.98,246.07,-63.86
-50.92,249.80,-68.14
-53.43,253.46,-72.66
-55.76,257.35,-77.90
-57.89,261.74,-84.36
-59.24,265.89,-90.97
-60.98,269.45,-96.94
-62.73,272.41,-102.28
-64.28,275.14,-107.58
-66.21,277.98,-113.46
-68.15,281.18,-120.73
-70.66,283.77,-127.18
-73.76,286.12,-133.88
-77.63,287.23,-137.70
-78.02,287.96,-141.02
-80.15,290.05,-150.88
-82.47,291.56,-159.55
-84.80,292.45,-166.30
-87.51,293.07,-173.09
-91.96,293.28,-178.05
-95.06,293.13,-182.59
-96.22,292.43,-190.50
-97.19,291.58,-198.26
-98.35,290.83,-204.18
-100.87,289.99,-209.93
-103.00,288.73,-216.48
-104.93,287.20,-223.12
-106.87,285.37,-229.98
-108.61,283.19,-237.17
-110.55,280.92,-243.90
-111.90,278.58,-250.15
-114.03,276.20,-256.07
-116.16,273.83,-261.39
-118.29,271.02,-267.12
-120.61,267.52,-273.62
-121.97,263.69,-280.09
-124.29,259.78,-286.35
-127.20,256.02,-291.86
-131.07,253.28,-295.48
-135.52,250.76,-298.37
-136.29,245.19,-303.84
-137.07,238.63,-310.11
-138.04,233.53,-314.85
-139.97,229.52,-318.45
-141.91,226.26,-321.19
-141.91,226.26,-321.19
***********
