0.00,0.00,0.00
-0.19,0.98,0.00
1.34,7.16,-0.02
4.21,17.69,0.23
4.79,29.03,1.06
2.11,38.54,1.86
-2.30,45.42,2.11
-5.36,50.47,1.91
-6.51,54.94,1.49
-6.51,60.80,0.82
-6.70,68.48,-0.06
-7.85,77.96,-1.17
-10.15,86.03,-2.28
-13.02,92.80,-3.50
-16.47,98.00,-4.70
-17.81,102.71,-6.09
-19.54,108.72,-8.02
-21.26,115.47,-10.42
-22.79,122.54,-13.17
-24.71,129.27,-16.00
-26.43,135.26,-18.76
-28.35,141.30,-21.76
-31.41,147.72,-25.22
-34.48,153.72,-28.88
-37.16,158.35,-32.06
-38.69,163.27,-35.79
-40.42,168.64,-40.09
-41.18,173.56,-44.28
-43.10,178.63,-48.72
-46.35,183.86,-53.61
-48.84,188.80,-58.79
-51.14,193.60,-64.29
-53.63,197.57,-69.21
-55.55,201.23,-74.18
-58.04,205.12,-79.86
-59.76,208.92,-85.93
-61.10,212.24,-91.63
-62.25,215.22,-97.04
-64.17,218.10,-102.51
-66.66,221.10,-108.70
-69.34,223.88,-115.15
-72.21,226.41,-121.85
-74.89,228.64,-128.80
-77.57,230.32,-135.03
-78.53,231.68,-141.20
-79.11,232.94,-147.40
-81.02,234.21,-154.01
-82.94,235.35,-161.23
-85.04,236.20,-168.05
-86.58,236.78,-174.77
-89.07,237.19,-181.64
-91.75,237.29,-187.81
-93.28,237.10,-193.99
-95.77,236.74,-200.30
-98.07,236.01,-207.56
-99.79,235.08,-214.09
-101.71,233.89,-221.01
-102.86,232.46,-227.89
-104.77,231.02,-234.18
-107.07,229.23,-240.97
-109.94,227.21,-247.55
-112.24,225.11,-253.36
-114.54,222.66,-259.33
-117.03,219.92,-265.34
-117.80,216.99,-271.09
-120.10,213.71,-277.30
-122.78,210.05,-283.62
-124.88,206.48,-289.17
-126.80,202.62,-294.69
-127.37,198.67,-299.98
-129.10,195.18,-304.55
-131.78,190.93,-309.78
-135.04,185.97,-315.33
-137.53,181.30,-320.00
-139.63,176.22,-324.64
-141.74,170.98,-329.10
-142.70,166.02,-333.01
-144.80,160.77,-337.01
-146.53,155.15,-340.97
-147.68,149.53,-344.69
-150.17,143.48,-348.52
-152.27,137.27,-352.08
-154.38,131.67,-355.02
-156.87,125.72,-357.87
-159.74,119.39,-360.58
***********
0.00,0.00,0.00
-0.38,1.40,0.00
-0.96,7.44,-0.04
-1.53,17.97,-0.22
-1.34,29.62,-0.53
-2.30,40.43,-0.78
-3.45,49.41,-1.14
-4.98,55.85,-1.53
-5.94,59.91,-1.88
-7.09,64.94,-2.41
-9.00,71.07,-3.17
-12.07,79.11,-4.44
-13.60,87.08,-6.15
-14.56,93.76,-7.76
-16.47,99.74,-9.32
-18.20,105.80,-11.11
-19.35,111.14,-12.86
-22.41,116.97,-14.91
-25.47,122.94,-17.37
-27.01,129.27,-20.39
-28.73,136.15,-23.90
-29.50,143.05,-27.68
-31.99,149.28,-31.20
-34.86,154.88,-34.70
-37.73,159.83,-38.15
-40.03,164.27,-41.59
-41.95,169.22,-45.74
-43.86,174.44,-50.43
-44.82,179.20,-55.00
-47.12,183.98,-59.76
-49.99,189.04,-65.21
-52.87,193.83,-70.91
-55.16,198.07,-76.51
-56.70,201.59,-81.58
-58.61,204.68,-86.27
-60.91,208.19,-92.02
-63.21,211.60,-98.16
-65.12,214.51,-103.92
-67.23,217.41,-110.16
-69.53,220.23,-116.90
-70.68,222.59,-123.21
-72.79,224.68,-129.17
-75.66,226.72,-135.74
-78.34,228.46,-142.55
-80.83,229.79,-149.01
-81.79,230.84,-155.52
-82.75,231.74,-161.78
-84.28,232.63,-168.74
-86.58,233.36,-176.01
-88.87,233.76,-182.73
-90.98,233.90,-189.61
-93.28,233.78,-196.63
-94.24,233.43,-202.66
-96.73,233.05,-207.84
-99.41,232.26,-214.53
-101.52,231.04,-221.87
-104.20,229.58,-229.03
-105.73,227.86,-235.83
-106.69,226.15,-241.92
-108.22,224.13,-248.64
-110.90,221.94,-255.31
-114.16,219.78,-260.95
-116.07,217.14,-266.84
-118.56,214.24,-272.77
-120.29,210.95,-278.81
-121.82,207.98,-283.90
-123.93,204.35,-289.75
-126.03,200.35,-295.69
-127.76,196.14,-301.48
-128.91,192.01,-306.81
-130.63,188.22,-311.51
-132.55,183.83,-316.62
-136.19,178.99,-321.90
-139.44,174.23,-326.47
-141.55,169.21,-330.76
-143.66,163.83,-335.04
-145.57,158.62,-338.87
-145.95,153.53,-342.36
-147.10,147.94,-346.13
-149.02,141.81,-350.10
-151.51,135.19,-354.07
-154.38,128.65,-357.62
-156.68,123.34,-360.17
-158.98,117.66,-362.62
-161.66,111.37,-365.04
***********
0.00,0.00,0.00
-1.53,1.12,0.00
-4.02,6.88,-0.15
-5.17,18.08,-0.94
-4.79,29.55,-1.98
-4.41,40.46,-2.89
-4.41,48.58,-3.52
-6.32,54.74,-3.99
-8.43,59.35,-4.50
-11.30,64.76,-5.31
-13.98,71.65,-6.68
-15.51,79.28,-8.58
-15.51,86.58,-10.61
-16.28,93.08,-12.41
-18.39,99.14,-14.18
-20.88,104.60,-16.00
-23.56,109.85,-18.00
-26.05,115.64,-20.53
-28.35,122.20,-23.73
-29.50,128.88,-27.33
-31.03,135.72,-31.20
-32.56,141.98,-34.97
-35.24,147.42,-38.44
-38.31,152.69,-42.17
-41.18,157.43,-45.91
-43.67,161.76,-49.70
-45.01,166.74,-54.46
-46.54,171.51,-59.22
-48.08,175.75,-63.71
-50.38,180.63,-69.14
-53.44,185.65,-75.20
-55.93,190.08,-81.17
-58.04,193.78,-86.64
-59.76,196.82,-91.52
-61.87,199.72,-96.50
-64.55,203.03,-102.69
-66.08,206.05,-109.03
-67.61,208.67,-114.93
-70.10,211.29,-121.29
-72.59,213.73,-128.02
-74.70,215.53,-133.79
-76.42,217.42,-140.69
-78.53,219.10,-147.65
-80.45,220.44,-154.26
-82.94,221.54,-160.77
-84.28,222.31,-167.04
-85.81,222.99,-173.74
-88.30,223.49,-180.60
-90.41,223.70,-187.76
-92.13,223.65,-194.64
-94.05,223.39,-201.66
-95.96,222.94,-208.10
-96.92,222.37,-213.55
-99.03,221.57,-220.10
-101.90,220.49,-226.89
-104.77,219.02,-233.90
-107.45,217.23,-240.69
-108.99,215.29,-246.85
-109.94,213.14,-253.09
-111.86,210.75,-259.69
-114.16,208.13,-266.20
-116.07,205.38,-272.35
-118.56,202.48,-278.28
-121.82,199.59,-283.58
-123.74,196.48,-288.59
-125.08,192.97,-293.85
-126.61,188.77,-299.82
-128.52,184.25,-305.91
-130.25,179.97,-311.29
-131.78,175.61,-316.43
-133.89,171.22,-321.36
-137.14,166.84,-325.91
-140.21,161.90,-330.49
-142.89,156.93,-334.63
-144.42,151.56,-338.69
-146.15,145.96,-342.70
-147.29,140.60,-346.29
-148.06,135.17,-349.78
-149.98,129.45,-353.35
-152.66,122.64,-357.28
-154.96,115.90,-360.77
-157.25,109.80,-363.62
-160.13,104.49,-365.84
-162.62,99.08,-367.80
-164.92,92.38,-369.90
***********
0.00,0.00,0.00
-0.77,0.56,0.00
-1.92,5.90,-0.07
-1.53,17.96,-0.47
-1.53,31.16,-0.83
-2.30,41.54,-1.11
-5.17,48.14,-1.37
-9.96,52.19,-1.74
-14.94,55.79,-2.37
-16.86,60.67,-3.67
-16.66,68.06,-5.91
-16.09,76.27,-8.37
-17.81,83.96,-10.59
-21.45,91.04,-12.86
-25.86,95.88,-14.76
-28.92,100.17,-16.84
-30.26,105.46,-19.76
-31.80,112.01,-23.58
-32.18,118.69,-27.73
-34.29,125.46,-31.99
-37.73,131.26,-35.94
-40.61,136.26,-39.81
-43.86,140.42,-43.38
-45.59,144.77,-47.56
-46.93,149.39,-52.27
-49.23,154.38,-57.61
-51.33,159.24,-63.24
-53.63,163.45,-68.50
-56.12,167.86,-74.50
-57.85,171.54,-79.97
-59.19,174.60,-84.85
-61.48,177.91,-90.39
-64.36,181.06,-96.19
-65.89,183.98,-102.27
-67.42,186.84,-108.68
-68.95,189.43,-114.90
-71.44,191.80,-121.06
-74.13,194.13,-127.98
-76.04,196.20,-135.27
-78.34,197.76,-141.54
-80.06,199.03,-147.73
-81.60,200.15,-154.09
-81.79,201.03,-160.06
-83.70,201.99,-166.73
-86.38,202.76,-173.71
-89.07,203.22,-181.00
-91.94,203.34,-188.16
-93.66,203.12,-194.75
-95.00,202.71,-201.06
-96.73,202.14,-207.63
-99.41,201.35,-214.33
-101.71,200.29,-220.70
-103.24,198.87,-227.57
-105.54,197.26,-234.41
-107.07,195.61,-240.36
-108.79,193.83,-246.13
-111.28,191.71,-252.38
-113.01,188.90,-259.57
-115.69,186.05,-266.29
-117.61,183.13,-272.37
-119.90,180.27,-277.84
-122.39,177.26,-283.07
-125.27,173.57,-288.88
-126.99,169.76,-294.27
-127.95,165.79,-299.54
-129.48,161.64,-304.86
-130.63,157.36,-310.06
-131.97,153.24,-314.85
-135.04,148.55,-320.07
-138.68,143.48,-325.13
-141.55,138.53,-329.49
-144.04,133.36,-333.59
-145.57,127.90,-337.55
-147.29,122.69,-341.12
-149.02,116.67,-344.99
-150.17,110.41,-348.75
-151.32,104.32,-352.24
-153.42,98.04,-355.68
-156.11,92.01,-358.70
-158.21,87.00,-360.91
-161.28,81.79,-363.00
-163.58,75.14,-365.25
-165.68,68.00,-367.36
-167.41,61.06,-369.13
-168.56,54.21,-370.66
***********
0.19,0.14,0.00
-0.77,0.84,0.00
-3.45,7.30,-0.08
-5.75,18.79,-0.78
-6.70,30.67,-1.97
-7.09,40.15,-3.09
-8.81,48.09,-4.07
-11.88,54.20,-5.02
-14.17,59.97,-6.23
-16.47,65.69,-7.68
-18.58,71.21,-9.31
-20.30,76.93,-11.23
-22.41,83.64,-13.72
-24.52,90.78,-16.66
-26.62,97.04,-19.52
-27.96,102.69,-22.35
-29.31,108.77,-25.57
-31.03,115.01,-29.08
-33.14,120.91,-32.63
-36.20,126.55,-36.31
-38.88,131.99,-40.29
-41.37,136.91,-44.26
-43.86,141.44,-48.25
-45.40,146.10,-52.72
-46.74,150.73,-57.42
-49.42,155.73,-62.74
-51.72,160.48,-68.28
-54.01,164.83,-73.79
-55.93,168.96,-79.47
-57.65,172.65,-84.94
-58.99,175.58,-89.57
-61.10,178.98,-95.22
-63.59,182.31,-101.25
-65.70,185.24,-107.16
-68.95,188.07,-113.43
-70.68,190.55,-119.85
-72.02,192.82,-126.34
-74.32,194.99,-133.02
-76.81,197.00,-140.18
-78.91,198.44,-146.33
-80.83,199.74,-152.95
-82.94,200.75,-159.18
-84.09,201.47,-165.04
-85.81,202.18,-171.88
-88.30,202.70,-179.02
-90.41,202.92,-186.46
-93.47,202.87,-193.48
-94.81,202.46,-200.35
-95.96,201.94,-206.50
-98.26,201.30,-212.65
-100.56,200.33,-219.32
-102.47,199.09,-225.94
-104.20,197.55,-232.93
-106.30,195.86,-239.60
-107.45,194.28,-244.99
-109.37,192.35,-251.16
-112.24,190.06,-257.65
-115.12,187.35,-264.27
-117.41,184.13,-271.14
-118.95,181.03,-277.12
-120.67,178.25,-282.16
-123.35,175.09,-287.47
-125.84,171.16,-293.45
-127.76,167.21,-298.92
-129.48,163.17,-304.14
-130.82,158.97,-309.23
-131.97,154.39,-314.54
-133.50,150.07,-319.34
-136.95,145.23,-324.44
-140.21,140.21,-329.13
-143.46,135.13,-333.36
-145.19,129.61,-337.45
-146.34,124.30,-341.14
-147.49,118.93,-344.72
-149.21,112.89,-348.57
-151.13,106.86,-352.16
-152.85,100.59,-355.62
-155.15,94.34,-358.82
-157.25,88.35,-361.60
-159.55,83.17,-363.77
-162.62,77.91,-365.73
-165.11,71.08,-367.87
-166.83,64.16,-369.71
-168.36,56.78,-371.44
-169.90,50.17,-372.80
***********
