-1.15,0.84,0.00
-1.15,0.84,0.00
-0.96,0.98,-0.00
-0.77,1.12,-0.01
1.92,3.09,-0.03
2.87,10.81,0.23
1.72,21.74,0.78
0.57,32.97,1.11
-0.00,42.94,1.21
-0.00,51.08,1.21
-0.00,57.82,1.21
0.38,64.56,1.21
0.38,71.58,1.26
0.57,79.31,1.31
0.19,87.17,1.39
0.77,94.89,1.42
1.72,101.77,1.51
1.53,109.49,1.74
0.96,117.77,1.96
0.38,125.77,2.10
0.57,132.93,2.14
1.15,139.53,2.21
1.92,146.27,2.35
1.92,154.41,2.62
2.49,162.41,2.89
2.49,170.26,3.23
2.87,176.99,3.52
3.06,184.99,3.92
2.68,192.28,4.31
2.49,199.15,4.63
2.68,205.46,4.91
3.64,211.49,5.19
4.02,217.66,5.58
3.64,224.94,6.09
3.45,232.65,6.58
3.83,240.22,7.04
3.45,247.22,7.51
4.41,254.65,7.96
4.21,261.51,8.49
4.02,268.37,8.99
3.45,274.11,9.39
3.45,280.28,9.77
3.83,286.73,10.15
3.45,293.17,10.59
2.68,299.34,10.96
2.68,305.51,11.25
2.30,311.68,11.54
2.30,319.54,11.85
1.53,327.11,12.16
0.96,334.55,12.35
0.96,342.13,12.48
0.19,349.99,12.61
0.38,357.44,12.64
0.19,364.03,12.68
-0.77,370.07,12.70
-1.53,376.53,12.62
-1.72,382.29,12.46
-2.11,387.90,12.29
-2.87,394.35,12.05
-2.87,401.08,11.72
-3.06,408.24,11.36
-2.49,415.95,10.95
-2.11,423.80,10.60
-3.26,430.82,10.35
-3.64,437.55,9.96
-4.41,443.71,9.57
-4.60,449.73,9.11
-4.41,456.03,8.60
-4.21,461.77,8.16
-3.83,468.77,7.64
-3.45,476.06,7.15
-3.26,483.76,6.69
-2.87,491.33,6.26
-4.21,498.20,5.91
-4.21,504.09,5.48
-3.83,510.25,5.03
-2.68,517.25,4.56
-3.26,523.84,4.25
-3.26,530.85,3.85
-2.87,538.14,3.44
-0.38,544.73,3.11
0.57,551.61,3.06
0.77,558.49,3.13
1.34,565.09,3.22
1.15,570.85,3.35
0.00,0.00,0.00
0.00,0.00,0.00
0.19,0.14,0.00
0.19,0.14,0.00
-1.92,3.93,0.01
-1.92,13.47,-0.31
-1.53,24.14,-0.66
-1.15,34.52,-0.94
-0.38,43.79,-1.13
0.19,51.79,-1.18
0.57,58.81,-1.16
0.77,65.69,-1.09
1.53,72.43,-1.00
1.15,79.73,-0.80
0.77,87.59,-0.64
1.53,94.61,-0.55
2.30,102.19,-0.35
2.11,110.19,-0.03
1.72,118.33,0.27
1.72,125.34,0.48
2.49,132.36,0.69
3.45,138.95,0.98
3.83,146.24,1.42
3.26,154.23,1.96
3.06,162.50,2.43
2.87,170.21,2.84
3.83,176.24,3.14
4.98,184.08,3.67
5.94,191.50,4.31
5.75,198.62,5.05
5.36,205.60,5.76
5.36,212.03,6.36
5.17,217.77,6.90
4.60,223.50,7.42
5.17,228.96,7.86
5.94,235.11,8.41
5.94,242.93,9.23
5.75,251.73,10.14
5.94,260.25,11.00
6.32,267.79,11.78
5.55,274.49,12.52
5.36,281.06,13.16
4.79,287.91,13.81
4.21,293.64,14.29
3.45,299.25,14.70
3.45,305.41,15.07
3.26,312.00,15.47
2.87,319.29,15.88
2.49,326.58,16.25
2.11,334.16,16.58
1.92,341.31,16.84
0.77,348.61,17.09
0.38,355.35,17.18
0.19,361.95,17.22
0.19,367.84,17.24
0.19,373.46,17.26
-0.38,379.78,17.28
-0.77,387.36,17.23
-1.15,395.50,17.12
-1.92,403.64,16.96
-2.49,411.08,16.71
-3.06,418.52,16.38
-3.45,424.97,16.04
-4.02,431.27,15.66
-4.79,437.99,15.19
-4.98,444.57,14.64
-4.60,451.01,14.07
-4.98,457.16,13.58
-4.60,463.60,13.02
-3.83,469.76,12.52
-2.87,477.18,12.03
-2.30,484.33,11.67
-2.68,491.63,11.37
-3.06,498.64,11.05
-3.26,504.67,10.72
-2.68,510.42,10.40
-2.49,516.45,10.11
-4.21,522.20,9.86
-5.17,528.78,9.38
-5.36,535.63,8.76
-5.17,542.48,8.12
-3.06,548.49,7.57
-2.49,555.08,7.22
-2.30,562.24,6.91
-2.11,568.55,6.65
0.00,0.00,0.00
0.00,0.00,0.00
0.00,0.28,0.00
0.00,0.28,0.00
-0.19,4.91,0.00
-0.96,13.90,-0.03
-1.34,24.29,-0.20
-1.72,34.40,-0.44
-1.15,43.24,-0.71
-1.15,49.69,-0.84
-0.57,55.73,-0.96
-0.19,62.19,-1.02
-0.00,69.63,-1.05
-0.00,76.37,-1.05
-0.19,83.81,-1.05
-0.57,91.95,-1.07
0.38,99.68,-1.15
1.34,106.84,-1.10
-0.00,114.84,-0.92
-0.77,122.42,-0.92
-0.57,130.14,-1.02
0.57,137.72,-1.10
0.96,144.74,-1.03
1.15,151.62,-0.91
1.53,159.20,-0.76
1.92,167.62,-0.53
1.92,175.20,-0.28
2.30,181.66,-0.06
2.87,189.37,0.25
3.64,196.95,0.63
4.98,202.69,0.99
5.36,208.85,1.53
4.60,215.00,2.11
4.41,221.57,2.63
4.60,228.43,3.16
4.41,235.29,3.71
4.02,242.01,4.23
3.26,248.17,4.67
2.87,254.90,5.05
3.45,262.05,5.41
2.68,268.50,5.80
3.06,275.79,6.14
3.64,282.66,6.50
3.83,289.53,6.94
4.21,295.97,7.37
4.60,302.14,7.83
4.98,308.85,8.37
3.45,315.85,8.98
2.87,323.84,9.46
2.11,332.25,9.88
2.11,339.55,10.15
0.77,346.14,10.39
-0.57,352.46,10.48
0.19,359.76,10.40
0.96,367.06,10.43
1.15,374.50,10.55
0.57,382.22,10.71
-0.38,389.94,10.78
-0.57,397.38,10.73
-1.15,404.55,10.66
-1.53,411.56,10.52
-2.30,418.02,10.35
-2.30,424.19,10.10
-2.68,430.37,9.85
-2.49,436.96,9.54
-2.49,443.69,9.25
-2.87,450.71,8.95
-2.87,457.44,8.61
-2.11,465.29,8.21
-1.53,473.01,7.93
-0.57,480.16,7.74
-0.57,487.18,7.67
-1.53,493.78,7.60
-1.15,499.68,7.44
-1.15,505.57,7.33
-1.53,511.75,7.20
-0.96,518.07,7.03
-1.53,524.66,6.92
-1.92,531.96,6.73
-0.77,540.10,6.46
-0.77,546.84,6.37
0.19,553.44,6.28
0.96,560.46,6.30
1.72,567.76,6.42
1.72,574.22,6.62
0.00,0.00,0.00
0.19,0.14,0.00
0.00,0.28,0.00
0.00,0.28,0.00
-2.49,3.79,0.00
-2.30,13.19,-0.41
-2.11,23.71,-0.83
-2.11,33.25,-1.18
-1.53,42.09,-1.51
-1.53,50.23,-1.72
-1.53,56.97,-1.90
-0.57,63.57,-2.08
-0.19,70.31,-2.15
-0.57,76.76,-2.17
-0.38,83.36,-2.24
-0.19,90.80,-2.29
0.38,98.81,-2.31
0.38,106.39,-2.26
0.96,113.55,-2.21
0.57,120.85,-2.09
0.19,128.71,-2.01
0.19,136.01,-1.99
0.38,143.74,-1.96
0.77,151.04,-1.91
0.77,158.34,-1.82
0.57,165.78,-1.72
-0.19,174.20,-1.63
-0.38,181.64,-1.66
0.00,188.10,-1.70
0.96,195.26,-1.70
0.96,203.69,-1.56
1.15,211.69,-1.43
0.57,219.13,-1.28
1.15,225.73,-1.21
1.53,231.90,-1.09
1.92,239.48,-0.88
1.34,247.48,-0.62
1.15,256.04,-0.42
0.57,263.48,-0.27
1.92,270.93,-0.19
1.92,278.22,0.05
2.30,285.24,0.29
2.87,291.55,0.54
2.87,298.84,0.91
2.49,305.29,1.23
2.68,311.33,1.49
1.92,317.22,1.77
0.96,322.69,1.95
1.53,328.16,2.04
1.92,334.62,2.21
1.34,342.06,2.46
0.77,349.78,2.64
-0.57,356.94,2.74
-0.77,365.22,2.66
-0.57,374.07,2.54
-0.77,381.23,2.47
-1.34,388.39,2.37
-1.34,395.97,2.19
-1.34,404.39,2.00
-2.30,412.11,1.82
-2.49,419.26,1.53
-2.49,425.16,1.27
-2.49,431.33,1.00
-2.87,436.94,0.76
-3.06,443.53,0.43
-3.26,451.24,0.02
-3.83,458.95,-0.42
-3.64,467.50,-0.99
-3.26,475.34,-1.49
-3.64,482.07,-1.88
-3.64,489.36,-2.34
-4.02,496.65,-2.80
-3.45,503.23,-3.27
-3.83,509.96,-3.67
-4.41,516.54,-4.11
-4.98,522.84,-4.60
-4.98,529.83,-5.21
-4.98,536.83,-5.82
-4.98,544.66,-6.50
-5.36,552.21,-7.16
-4.60,558.64,-7.76
-3.64,565.50,-8.31
-3.64,572.23,-8.74
-3.83,578.53,-9.14
-4.41,584.00,-9.51
0.00,0.00,0.00
0.00,0.00,0.00
0.19,0.14,0.00
2.11,1.83,0.01
0.96,8.28,0.24
-0.38,17.40,0.40
-1.34,27.93,0.33
-1.53,37.62,0.10
-1.92,47.16,-0.16
-2.11,55.16,-0.42
-1.72,63.02,-0.71
-1.72,69.76,-0.92
-1.72,76.77,-1.13
-0.96,83.79,-1.34
-0.96,91.65,-1.47
-1.15,100.22,-1.61
-0.96,106.81,-1.75
-0.77,112.57,-1.84
-1.15,120.15,-1.94
-1.72,128.15,-2.10
-0.96,136.01,-2.34
-0.96,142.75,-2.45
-0.38,150.47,-2.58
-0.57,159.32,-2.64
-0.38,167.32,-2.72
-1.15,174.34,-2.77
-1.92,181.08,-2.90
-2.49,187.67,-3.12
-2.49,194.97,-3.44
-2.49,202.54,-3.77
-2.49,209.00,-4.05
-1.53,215.59,-4.34
-0.77,221.76,-4.50
-0.57,228.92,-4.60
-1.34,235.38,-4.66
-1.72,242.12,-4.82
-2.11,248.86,-5.02
-1.92,254.89,-5.25
-2.11,261.49,-5.47
-1.72,266.26,-5.64
-1.72,272.43,-5.83
-2.30,279.03,-6.03
-3.26,286.18,-6.31
-3.64,293.75,-6.74
-3.83,301.18,-7.22
-4.60,307.90,-7.67
-4.98,314.06,-8.16
-5.75,320.22,-8.70
-6.13,326.92,-9.37
-5.36,333.62,-10.09
-5.36,340.61,-10.75
-4.79,348.86,-11.52
-5.75,356.83,-12.19
-5.55,364.24,-12.94
-5.75,371.65,-13.66
-6.32,378.77,-14.37
-6.90,385.61,-15.13
-7.28,391.74,-15.87
-7.47,398.01,-16.67
-7.47,404.97,-17.59
-7.66,411.51,-18.44
-8.24,418.33,-19.36
-8.04,425.97,-20.47
-7.66,433.20,-21.49
-6.70,440.30,-22.44
-6.32,446.99,-23.23
-6.13,453.27,-23.93
-6.13,459.14,-24.56
-5.36,464.72,-25.16
-5.55,470.73,-25.72
-4.98,477.58,-26.39
-4.41,485.27,-27.06
-4.41,492.55,-27.62
-4.41,499.55,-28.16
-3.26,506.27,-28.67
-2.49,512.16,-29.01
-1.92,518.19,-29.27
-1.53,523.80,-29.46
-2.11,529.84,-29.62
-2.68,537.00,-29.88
-1.72,544.15,-30.22
-0.38,550.74,-30.42
0.96,557.34,-30.46
1.15,563.66,-30.36
1.53,570.12,-30.23
