4.59,-1.12,0.00
6.51,3.35,0.36
1.15,10.04,1.12
4.40,17.20,1.27
0.96,23.91,1.78
4.21,29.66,1.88
0.96,35.68,2.32
3.83,41.99,2.43
0.57,48.01,2.83
2.87,54.18,2.89
1.53,60.77,3.22
2.11,67.36,3.40
2.30,73.67,3.63
4.40,78.85,3.84
-0.38,85.43,4.34
2.87,92.86,4.29
-0.38,99.73,4.64
3.06,106.46,4.59
-0.19,112.20,4.90
2.11,118.66,4.88
1.53,124.97,5.11
2.49,131.28,5.28
0.00,137.86,5.57
0.38,144.60,5.57
-0.19,151.47,5.61
0.19,158.21,5.59
0.19,165.22,5.61
0.19,171.39,5.63
0.00,178.83,5.66
0.19,185.70,5.66
0.38,192.86,5.68
0.19,199.73,5.73
1.34,206.47,5.75
0.38,212.78,5.90
1.53,219.23,5.94
1.91,226.24,6.13
1.34,233.39,6.37
1.72,240.69,6.54
1.15,248.12,6.76
0.19,254.43,6.89
2.30,260.18,6.91
2.49,266.77,7.17
1.34,272.94,7.44
1.15,279.81,7.60
1.34,286.96,7.74
2.49,293.41,7.89
2.30,300.56,8.21
2.30,307.85,8.50
1.72,314.72,8.77
1.72,321.73,8.98
1.34,328.46,9.19
1.53,335.61,9.35
2.11,343.05,9.55
3.06,349.92,9.80
1.34,355.94,10.13
1.72,362.67,10.28
2.30,368.98,10.47
2.87,376.13,10.76
0.57,383.14,11.11
3.83,389.45,11.18
1.34,395.75,11.60
3.25,401.64,11.73
1.34,409.20,12.16
1.34,416.78,12.34
0.96,423.23,12.49
2.87,429.40,12.60
1.72,436.40,12.95
1.53,443.84,13.17
1.53,450.85,13.36
1.34,457.72,13.54
1.53,464.59,13.70
2.30,470.76,13.87
2.49,477.63,14.14
4.02,484.08,14.42
0.19,491.08,14.91
3.44,497.67,14.94
0.77,504.67,15.36
1.15,511.69,15.45
0.96,518.00,15.58
3.25,523.61,15.67
0.77,530.75,16.08
2.30,538.33,16.18
2.11,545.76,16.48
1.91,552.91,16.74
0.57,559.21,16.95
-2.49,2.38,0.00
-3.25,7.71,-0.23
1.15,14.01,-0.59
-3.06,21.31,-0.44
-0.19,28.17,-0.81
-1.15,35.33,-0.83
-0.57,42.20,-0.97
-1.34,49.21,-1.04
-0.19,55.10,-1.18
-1.72,61.84,-1.20
-1.53,68.71,-1.41
-1.15,74.60,-1.57
1.53,79.37,-1.66
-2.68,86.38,-1.48
0.57,93.53,-1.81
-2.11,100.54,-1.74
0.19,107.55,-2.00
-1.91,114.14,-1.97
0.38,119.75,-2.16
-0.77,126.49,-2.12
1.15,132.38,-2.20
-2.49,138.97,-2.06
-2.68,146.12,-2.37
-2.68,152.84,-2.69
-2.11,159.71,-3.01
-1.53,166.30,-3.25
0.57,172.05,-3.41
-3.25,179.91,-3.33
-1.72,187.47,-3.76
-1.72,194.48,-3.97
-1.72,201.77,-4.19
-1.72,208.50,-4.39
-1.72,214.95,-4.58
-1.72,221.96,-4.80
-2.11,228.98,-5.01
-0.96,235.70,-5.25
-0.57,242.72,-5.37
0.00,249.31,-5.44
-1.91,256.05,-5.44
-1.53,263.62,-5.69
-0.38,270.35,-5.87
0.00,277.36,-5.92
1.72,283.11,-5.92
-0.77,290.55,-5.69
-1.53,297.56,-5.79
-0.57,304.71,-5.98
-1.53,311.02,-6.04
0.96,316.49,-6.19
0.38,322.81,-6.08
-1.72,330.24,-6.03
-0.77,337.67,-6.26
-0.00,344.97,-6.35
-0.57,352.12,-6.35
-1.15,358.72,-6.42
-0.57,365.59,-6.56
-0.96,372.32,-6.62
-0.57,380.18,-6.76
0.96,387.19,-6.83
-0.38,394.06,-6.71
-0.57,401.50,-6.76
-1.15,408.09,-6.83
1.53,413.98,-6.94
-1.15,421.00,-6.76
-0.38,427.73,-6.89
-0.38,435.02,-6.94
-0.19,442.46,-6.99
-0.77,449.61,-7.01
0.38,455.22,-7.09
-0.00,461.68,-7.05
0.38,467.57,-7.05
-0.00,474.02,-7.00
-0.00,481.04,-7.00
-0.57,487.91,-7.00
1.34,493.52,-7.06
-2.11,499.69,-6.92
1.34,505.86,-7.14
-1.34,512.31,-6.99
-0.19,518.20,-7.13
0.19,524.38,-7.15
2.87,530.27,-7.13
-1.91,537.41,-6.77
-0.19,544.57,-7.01
-0.77,551.72,-7.03
-0.38,558.17,-7.12
-0.77,565.19,-7.17
3.06,2.24,0.00
8.23,6.59,0.23
4.98,12.28,1.06
4.78,19.69,1.70
5.17,27.52,2.36
4.21,34.64,3.00
4.40,41.78,3.53
4.59,48.35,4.03
6.89,54.22,4.50
1.15,61.75,5.41
4.21,68.76,5.55
1.15,76.03,6.09
4.02,81.50,6.20
1.34,87.38,6.61
5.17,93.27,6.75
0.19,99.42,7.30
5.17,105.03,7.32
1.91,111.32,7.89
2.11,117.91,8.11
2.87,123.52,8.32
2.49,129.68,8.63
4.02,135.57,8.88
1.72,141.73,9.32
2.30,148.32,9.51
1.91,154.76,9.77
0.77,162.05,10.02
1.15,168.79,10.11
1.15,175.80,10.25
1.53,182.81,10.39
1.53,189.83,10.57
2.30,196.00,10.74
1.34,202.87,11.02
3.64,208.19,11.14
2.68,215.06,11.58
2.49,222.20,11.91
1.91,229.35,12.22
2.11,236.22,12.45
3.06,241.97,12.66
2.49,248.55,13.01
3.06,254.86,13.29
3.25,262.28,13.68
3.06,269.15,14.08
3.25,276.29,14.46
2.49,283.58,14.87
2.11,290.58,15.18
2.30,297.73,15.44
2.87,304.88,15.73
3.06,312.03,16.08
3.64,319.45,16.48
2.68,326.31,16.92
3.44,333.04,17.23
3.25,340.18,17.66
2.68,347.04,18.05
2.68,354.33,18.39
2.87,362.04,18.75
3.64,369.04,19.10
3.44,376.18,19.56
1.91,383.47,20.00
4.02,390.90,20.25
2.11,397.89,20.74
2.11,405.18,21.00
1.72,411.91,21.25
4.78,418.08,21.44
2.30,424.65,21.99
3.83,430.82,22.23
2.68,438.38,22.74
2.30,445.67,23.08
2.11,452.82,23.37
4.59,459.13,23.60
3.83,466.12,24.16
3.25,473.54,24.66
4.21,480.12,25.03
1.91,486.83,25.53
2.68,493.57,25.75
2.30,500.29,26.07
4.02,506.60,26.32
2.68,513.74,26.82
4.02,520.04,27.12
2.49,526.20,27.55
4.21,532.23,27.81
1.91,539.22,28.33
3.25,546.37,28.56
3.25,553.38,28.96
5.55,559.82,29.33
0.77,566.38,29.97
3.06,2.24,0.00
5.17,7.71,0.29
3.44,14.00,0.86
5.74,19.60,1.20
1.15,26.86,1.93
3.64,34.57,2.08
1.15,41.71,2.54
3.83,47.32,2.65
0.57,53.34,3.05
2.30,59.93,3.12
2.11,67.36,3.42
0.77,74.23,3.67
0.77,82.09,3.77
0.77,88.26,3.86
3.06,93.31,3.92
-0.77,100.03,4.28
3.83,106.49,4.20
-1.15,113.20,4.65
1.72,120.08,4.51
-0.96,126.81,4.71
0.57,134.10,4.59
0.77,140.98,4.66
2.30,146.31,4.73
0.77,152.19,4.96
1.15,158.65,5.05
-0.19,165.52,5.19
-0.57,172.81,5.16
-0.57,179.83,5.09
-0.77,186.70,5.03
-0.77,193.72,4.93
-0.38,200.73,4.84
-0.19,207.60,4.79
0.19,214.62,4.77
2.11,220.51,4.79
-0.00,226.82,5.02
-0.57,233.69,5.02
0.57,240.43,4.95
0.57,247.16,5.02
-0.00,254.60,5.09
0.38,261.61,5.09
0.19,269.05,5.14
1.53,275.36,5.17
1.53,282.37,5.35
1.15,288.82,5.53
1.53,296.11,5.67
3.64,302.14,5.83
0.19,309.15,6.28
0.19,316.44,6.30
0.38,323.88,6.33
0.77,330.89,6.37
0.19,338.32,6.47
0.19,345.34,6.50
0.77,352.21,6.52
0.38,359.79,6.62
0.77,367.08,6.67
0.57,374.24,6.76
1.53,380.83,6.83
1.91,387.84,7.02
1.15,394.85,7.25
1.91,402.43,7.40
2.11,410.14,7.66
-0.19,417.15,7.92
1.15,424.58,7.89
1.34,431.74,8.04
0.57,438.47,8.20
2.11,445.20,8.26
0.96,452.21,8.52
1.53,459.08,8.64
2.11,466.52,8.83
1.15,473.39,9.09
0.96,480.26,9.22
0.57,487.55,9.35
0.77,494.71,9.42
1.15,501.72,9.51
1.53,508.73,9.65
2.49,515.33,9.83
0.96,522.05,10.12
1.15,529.21,10.24
0.77,535.94,10.38
2.30,541.83,10.45
0.77,549.12,10.75
1.72,556.27,10.84
1.72,563.85,11.07
2.87,570.30,11.26
-0.00,576.32,11.57
3.25,2.38,0.00
5.36,7.57,0.29
0.96,14.13,0.91
0.00,21.01,1.03
4.59,27.46,1.03
0.19,34.87,1.62
3.25,41.04,1.64
-0.77,47.07,1.98
2.11,52.54,1.91
0.19,58.98,2.15
0.00,66.70,2.17
0.19,73.57,2.17
-0.00,81.01,2.20
0.38,86.90,2.20
1.91,92.51,2.24
-1.72,99.38,2.47
2.49,104.99,2.30
-1.91,111.86,2.59
1.34,119.29,2.35
-1.72,125.46,2.49
-0.19,132.75,2.27
-0.19,139.49,2.25
-1.15,146.08,2.23
-1.53,152.81,2.09
-1.34,159.97,1.90
-0.77,167.68,1.72
-1.53,175.26,1.62
-1.53,181.71,1.45
-1.53,188.16,1.27
-0.96,195.03,1.09
-1.53,202.18,0.97
-1.15,209.19,0.78
-0.77,215.37,0.66
-2.30,221.54,0.58
0.96,227.85,0.32
-0.00,235.00,0.44
-0.38,241.17,0.44
-0.57,247.49,0.40
0.19,253.38,0.34
-0.96,259.83,0.36
0.77,265.86,0.26
0.96,272.74,0.36
0.57,279.19,0.46
0.57,286.20,0.53
0.38,293.64,0.61
-0.57,300.79,0.66
-0.77,307.95,0.58
-0.57,315.10,0.49
-0.96,321.83,0.42
0.38,328.43,0.31
0.19,335.58,0.36
0.77,342.46,0.38
0.38,349.19,0.47
0.57,356.62,0.52
1.15,364.06,0.60
0.96,371.49,0.75
-0.57,378.51,0.86
-0.96,385.52,0.79
2.30,392.39,0.68
-1.72,399.26,0.95
1.72,405.71,0.76
-1.72,412.44,0.96
1.15,419.31,0.75
-0.19,426.75,0.90
-0.77,433.90,0.88
1.34,440.78,0.79
0.38,447.65,0.95
1.53,453.54,0.99
-0.00,460.27,1.17
0.57,466.58,1.17
0.38,473.46,1.24
0.77,479.35,1.28
0.57,485.66,1.36
0.77,492.82,1.43
0.57,499.97,1.53
3.06,505.44,1.58
-1.53,511.33,1.90
1.72,518.20,1.71
-1.72,524.37,1.90
1.72,529.98,1.73
-1.72,537.27,1.95
0.57,543.72,1.76
-0.57,550.73,1.83
0.57,557.19,1.76
0.38,563.78,1.83
