0.00,0.00,0.00
0.38,1.68,0.00
0.00,13.47,0.08
0.00,20.20,0.08
-4.59,33.39,0.08
-2.11,41.36,-0.56
-2.68,55.24,-1.07
-3.06,63.37,-1.45
-3.83,76.53,-2.16
-4.21,84.65,-2.70
-4.40,98.50,-3.72
-4.40,106.34,-4.32
-1.15,119.35,-5.32
0.19,125.66,-5.45
-0.19,140.25,-5.40
0.19,146.98,-5.42
0.38,160.03,-5.38
-0.19,168.30,-5.33
-0.57,181.77,-5.37
-0.38,189.49,-5.45
-0.38,202.96,-5.54
-0.96,210.95,-5.59
-1.91,224.00,-5.81
-2.49,231.15,-6.05
-2.87,244.04,-6.61
-3.06,251.47,-6.98
-3.25,264.22,-7.66
-3.06,271.64,-8.08
-3.25,285.51,-8.83
-3.44,293.21,-9.26
-4.21,307.22,-10.11
-4.02,314.07,-10.61
-4.21,327.09,-11.53
-2.68,334.08,-12.04
-2.68,346.97,-12.64
-2.68,355.10,-13.02
-2.87,368.97,-13.67
-3.06,376.68,-14.06
-3.06,389.85,-14.76
-3.64,399.52,-15.28
-1.34,412.40,-16.10
-1.15,419.83,-16.27
-1.15,431.89,-16.52
-1.34,439.61,-16.67
-1.72,454.19,-17.01
-2.49,461.20,-17.22
-2.68,472.00,-17.69
-3.06,478.72,-18.01
-3.25,493.99,-18.82
-3.64,503.24,-19.35
-3.83,516.82,-20.21
-3.83,523.82,-20.68
-2.68,536.69,-21.54
-2.30,543.70,-21.87
-2.87,557.02,-22.40
-3.25,564.58,-22.78
-4.21,575.37,-23.40
-5.17,580.82,-23.80
1.53,594.10,-25.00
1.91,604.19,-24.73
-3.83,618.78,-24.24
-3.25,625.63,-24.70
-3.06,637.82,-25.39
-1.91,645.95,-25.83
-2.30,659.69,-26.29
-2.49,667.12,-26.58
-2.68,678.19,-27.07
-2.87,684.49,-27.36
-2.68,698.93,-28.08
-2.87,707.47,-28.48
-3.06,720.78,-29.15
-3.64,727.93,-29.53
-4.21,740.11,-30.31
-4.78,747.80,-30.87
-4.98,760.25,-31.92
-5.17,768.21,-32.61
-5.55,781.35,-33.80
-6.12,789.03,-34.54
-6.89,803.25,-36.07
-7.46,810.64,-36.96
-7.46,824.82,-38.82
-7.66,831.36,-39.68
-4.40,843.18,-41.27
-4.40,844.58,-41.37
-4.40,844.58,-41.37
0.00,0.00,0.00
0.00,0.00,0.00
0.00,0.00,0.00
0.00,0.00,0.00
0.00,0.00,0.00
0.00,0.00,0.00
0.00,0.00,0.00
0.00,0.00,0.00
0.00,0.00,0.00
0.00,0.00,0.00
0.00,0.00,0.00
0.00,0.00,0.00
0.00,0.00,0.00
0.00,0.00,0.00
0.00,0.00,0.00
0.00,0.00,0.00
0.00,0.00,0.00
0.00,0.00,0.00
0.00,0.00,0.00
0.00,0.00,0.00
0.00,0.00,0.00
0.00,0.00,0.00
0.00,0.00,0.00
0.00,0.00,0.00
0.00,0.00,0.00
0.00,0.00,0.00
0.00,0.00,0.00
0.00,0.00,0.00
0.00,0.00,0.00
0.00,0.00,0.00
0.00,0.00,0.00
0.00,0.00,0.00
0.00,0.00,0.00
0.00,0.00,0.00
0.00,0.00,0.00
0.00,0.00,0.00
0.00,0.00,0.00
0.00,0.00,0.00
0.00,0.00,0.00
0.00,0.00,0.00
0.00,0.00,0.00
0.00,0.00,0.00
0.00,0.00,0.00
0.00,0.00,0.00
0.00,0.00,0.00
0.00,0.00,0.00
0.00,0.00,0.00
0.00,0.00,0.00
0.00,0.00,0.00
0.00,0.00,0.00
0.00,0.00,0.00
0.00,0.00,0.00
0.00,0.00,0.00
0.00,0.00,0.00
0.00,0.00,0.00
0.00,0.00,0.00
0.00,0.00,0.00
0.00,0.00,0.00
0.00,0.00,0.00
0.00,0.00,0.00
0.00,0.00,0.00
0.00,0.00,0.00
0.00,0.00,0.00
0.00,0.00,0.00
0.00,0.00,0.00
0.00,0.00,0.00
0.00,0.00,-47.31
-1.91,685.24,-47.88
-1.72,698.85,-48.33
-2.30,706.84,-48.57
-2.87,721.00,-49.14
-2.49,729.12,-49.55
-2.49,738.09,-49.94
-7.66,750.57,-50.48
-5.17,758.77,-51.58
-5.93,772.74,-52.84
-6.12,780.97,-53.70
-6.89,794.36,-55.14
-6.89,801.89,-56.04
-7.27,814.98,-57.63
-7.85,821.80,-58.50
-8.04,836.67,-60.55
-8.42,841.67,-61.25
-8.80,844.72,-61.70
-8.80,844.72,-61.70
-4.40,6.87,0.00
-4.98,21.00,-1.09
-5.36,31.90,-2.04
-4.98,38.89,-2.69
-5.36,53.98,-4.01
-5.93,62.78,-4.83
-5.93,77.29,-6.34
-5.74,84.69,-7.11
-6.12,97.81,-8.43
-6.51,104.78,-9.18
-6.51,118.16,-10.70
-6.89,125.97,-11.59
-5.74,139.34,-13.21
-4.78,146.18,-13.90
-5.36,159.46,-15.01
-5.36,167.00,-15.71
-4.40,179.71,-16.91
-4.40,187.55,-17.51
-4.59,200.83,-18.53
-5.17,207.69,-19.08
-4.02,220.82,-20.27
-3.83,228.52,-20.81
-2.30,241.96,-21.71
-2.87,250.51,-22.05
-3.44,263.82,-22.72
-3.44,272.22,-23.23
-3.06,286.22,-24.07
-3.64,293.37,-24.45
-4.02,306.53,-25.29
-3.83,313.66,-25.79
-4.02,326.96,-26.68
-4.02,334.52,-27.21
-4.40,347.95,-28.15
-4.98,355.09,-28.70
-5.17,368.36,-29.86
-5.17,376.19,-30.57
-5.36,390.30,-31.84
-5.93,398.82,-32.64
-6.12,411.80,-33.99
-5.74,418.77,-34.74
-5.93,432.03,-36.07
0.77,437.75,-36.67
-3.25,443.51,-36.59
-5.17,457.51,-37.39
-5.55,471.20,-38.62
-5.55,477.91,-39.28
-5.36,492.29,-40.67
-4.78,500.25,-41.42
-4.78,510.04,-42.24
-4.98,516.61,-42.79
-5.36,530.86,-44.03
-5.93,539.10,-44.80
-6.70,552.22,-46.17
-6.51,559.05,-46.97
-4.78,571.45,-48.38
-3.25,580.12,-49.11
-3.83,593.71,-49.88
-4.40,600.84,-50.36
-5.17,613.71,-51.35
-5.17,620.14,-51.93
-5.17,633.55,-53.14
-5.36,640.96,-53.81
-5.55,653.39,-54.98
-5.74,663.02,-55.91
-6.32,674.89,-57.11
-6.32,681.86,-57.88
-6.51,695.94,-59.44
-6.89,703.19,-60.26
-7.46,717.26,-61.96
-7.66,724.35,-62.89
-8.04,736.87,-64.58
-2.87,742.84,-65.42
-11.87,756.43,-66.10
-7.08,766.18,-68.15
-6.51,777.73,-69.58
-6.32,787.07,-70.65
-6.70,800.74,-72.16
-6.70,807.70,-72.98
-7.27,820.94,-74.53
-7.46,827.48,-75.37
-7.46,839.44,-76.94
-8.61,846.40,-77.85
-11.48,850.97,-78.54
-11.48,850.97,-78.54
-11.48,850.97,-78.54
0.00,0.00,0.00
-0.19,0.14,0.00
-0.57,11.08,-0.04
-1.15,18.52,-0.11
-8.42,31.42,-0.37
-9.57,39.47,-1.56
-10.14,52.61,-3.78
-10.33,60.76,-5.23
-9.95,74.29,-7.70
-3.25,81.33,-8.94
-8.61,94.22,-9.67
-5.93,101.71,-10.80
-6.51,114.13,-12.09
-7.08,122.35,-13.03
-7.27,136.13,-14.74
-7.46,143.23,-15.65
-7.66,156.72,-17.42
-8.23,164.65,-18.48
-6.89,178.12,-20.43
-6.89,185.36,-21.31
-7.08,198.87,-22.94
-7.46,205.55,-23.77
-6.12,217.93,-25.39
-6.51,227.42,-26.41
-5.36,239.68,-27.81
-3.83,248.06,-28.59
-3.64,260.52,-29.43
-4.78,269.48,-30.00
-3.64,281.22,-30.98
-1.72,289.62,-31.51
-1.53,302.95,-31.91
-1.72,309.82,-32.10
-2.11,320.76,-32.43
-4.02,327.77,-32.68
-4.78,343.16,-33.77
-5.74,351.97,-34.50
-6.32,364.11,-35.72
-7.08,371.08,-36.50
-6.51,385.42,-38.28
-5.93,393.37,-39.18
-6.12,406.06,-40.50
-6.32,413.18,-41.27
-6.70,425.17,-42.59
-6.89,432.00,-43.39
-7.66,446.76,-45.18
-1.34,453.02,-46.02
-1.91,465.22,-46.30
-2.49,474.05,-46.60
-2.87,487.51,-47.18
-4.02,493.67,-47.49
-6.51,506.13,-48.37
-7.08,515.47,-49.43
-7.46,528.00,-50.99
-7.27,535.09,-51.92
-7.08,548.03,-53.57
-6.89,556.52,-54.63
-7.46,570.03,-56.26
-7.66,577.13,-57.19
-6.89,589.92,-58.91
-6.51,597.16,-59.78
-5.55,610.40,-61.29
-5.55,618.22,-62.05
-5.93,631.91,-63.38
-6.51,639.30,-64.15
-5.93,652.27,-65.63
-5.55,660.36,-66.47
-6.51,673.62,-67.76
-6.51,681.99,-68.71
-6.70,695.23,-70.22
-6.89,701.78,-70.99
-7.08,714.45,-72.52
-7.46,721.69,-73.42
-7.85,734.49,-75.10
-8.23,743.66,-76.36
-8.61,756.99,-78.29
-8.99,764.20,-79.38
-9.95,776.53,-81.34
-9.57,784.55,-82.74
-8.99,797.41,-84.91
-7.85,805.73,-86.23
-8.23,814.07,-87.38
-8.23,826.01,-89.10
-8.42,833.09,-90.13
-8.61,837.94,-90.85
-8.61,837.94,-90.85
-4.78,6.03,0.00
-5.74,12.04,-0.50
-6.12,25.44,-1.85
-5.93,32.56,-2.61
-6.32,46.51,-4.06
-6.32,53.76,-4.87
-6.32,66.87,-6.32
-5.93,73.84,-7.09
-5.74,86.82,-8.44
-5.93,93.94,-9.15
-5.93,106.50,-10.46
-6.32,114.59,-11.30
-4.59,127.00,-12.67
-1.53,134.55,-13.28
-2.11,147.59,-13.63
-1.72,155.16,-13.91
-2.11,168.90,-14.32
-2.30,174.93,-14.54
-3.06,187.55,-15.05
-3.64,195.81,-15.49
-3.64,209.53,-16.36
-3.44,216.68,-16.81
-4.02,229.70,-17.60
-4.02,238.65,-18.23
-3.83,251.67,-19.14
-3.64,259.93,-19.69
-3.64,273.09,-20.53
-3.83,280.23,-20.98
-3.83,293.39,-21.87
-3.64,300.53,-22.34
-3.44,313.27,-23.15
-3.64,320.69,-23.60
-4.40,334.97,-24.51
-4.98,342.94,-25.12
-5.17,353.70,-26.06
-5.17,360.69,-26.69
-5.74,375.64,-28.04
-5.74,382.34,-28.71
-3.83,394.34,-29.92
3.83,401.06,-30.37
-4.59,413.94,-29.51
-5.36,421.77,-30.14
-6.32,435.32,-31.41
-6.70,442.01,-32.15
-6.51,454.13,-33.57
0.77,460.82,-34.34
-8.23,473.87,-34.16
-1.91,481.78,-35.31
-1.53,494.40,-35.73
-4.02,501.84,-35.93
-7.08,515.55,-36.89
-7.85,522.23,-37.72
-4.59,534.60,-39.43
-4.02,541.73,-40.00
-4.21,553.35,-40.81
-4.59,560.06,-41.31
-5.17,573.91,-42.42
-5.74,581.87,-43.14
-6.12,594.16,-44.38
-6.51,601.41,-45.15
-6.70,612.98,-46.47
-6.70,619.95,-47.29
-7.27,634.30,-48.98
-7.66,642.09,-49.97
-7.66,655.16,-51.73
-8.04,662.94,-52.78
-8.42,675.17,-54.50
-8.80,683.22,-55.69
-6.51,696.25,-57.71
-5.93,703.64,-58.55
-6.12,716.61,-59.90
-6.51,723.59,-60.65
-7.27,736.41,-62.11
-7.46,744.90,-63.20
-7.85,757.98,-64.91
-7.85,765.76,-65.98
-8.42,778.96,-67.80
-8.42,785.90,-68.83
-8.61,799.08,-70.78
-8.80,805.60,-71.77
-9.38,818.22,-73.72
-9.19,825.83,-74.98
-10.14,836.77,-76.75
-10.14,837.33,-76.85
-10.14,837.33,-76.85
