0.00,0.00,0.00
0.00,0.00,0.00
0.96,0.98,0.00
5.17,4.07,0.05
10.92,10.50,0.63
11.30,21.26,2.71
8.04,33.24,5.10
4.60,43.25,6.52
0.00,51.64,7.19
-3.26,58.24,7.19
-4.21,63.71,6.88
-2.11,68.05,6.56
0.57,73.38,6.36
2.11,80.40,6.44
1.92,87.56,6.70
0.19,94.71,6.94
-1.72,102.58,6.96
-3.45,109.45,6.76
-3.45,116.18,6.35
-2.11,122.77,5.95
0.19,129.50,5.71
1.72,136.24,5.73
3.06,142.84,5.93
2.68,149.01,6.26
1.53,154.90,6.53
0.38,161.64,6.71
-0.96,168.52,6.76
-0.96,175.82,6.64
-0.19,183.12,6.52
0.19,189.85,6.49
1.15,196.17,6.52
1.53,203.19,6.66
1.34,209.51,6.82
0.96,216.25,6.98
0.77,223.12,7.10
0.57,229.72,7.19
0.19,236.18,7.25
0.38,242.78,7.27
0.00,249.52,7.32
-0.19,255.84,7.32
-0.19,262.86,7.29
0.19,269.60,7.27
0.77,276.76,7.30
0.96,283.92,7.39
0.57,290.66,7.50
0.77,297.54,7.57
0.77,304.56,7.67
1.15,311.58,7.76
1.72,319.30,7.92
2.49,326.88,8.14
3.45,333.19,8.42
2.68,339.92,8.82
2.11,346.23,9.12
0.96,352.12,9.34
0.00,358.44,9.44
-0.19,365.04,9.44
0.38,371.92,9.42
0.77,379.78,9.47
2.49,386.94,9.57
2.30,393.25,9.84
2.30,399.99,10.11
1.72,406.30,10.37
1.72,413.32,10.58
1.34,420.33,10.79
1.34,427.35,10.95
1.53,433.95,11.11
1.72,440.55,11.28
1.72,446.72,11.47
0.96,453.18,11.66
0.38,459.49,11.77
0.00,465.95,11.81
0.96,472.27,11.81
1.53,479.71,11.94
3.26,487.15,12.13
2.87,493.32,12.49
2.68,500.19,12.83
1.92,506.36,13.12
1.15,512.53,13.33
0.38,519.55,13.47
0.77,526.85,13.52
1.53,533.59,13.61
2.30,540.33,13.79
2.49,547.20,14.06
1.72,553.38,14.33
1.34,559.55,14.52
***********
0.00,0.00,0.00
0.00,0.00,0.00
0.38,0.56,0.00
2.87,3.23,0.02
2.11,12.20,0.47
1.34,23.71,0.89
-0.38,34.52,1.14
-1.92,44.35,1.08
-1.72,51.78,0.83
0.38,57.82,0.65
4.41,61.89,0.68
8.81,65.11,0.92
9.96,69.83,1.65
7.09,77.71,3.04
2.49,86.35,4.11
-2.11,94.76,4.48
-4.21,102.20,4.21
-4.41,109.06,3.70
-2.30,115.36,3.21
0.77,121.82,2.96
3.64,128.13,3.04
5.17,134.02,3.41
5.55,140.45,4.00
4.21,147.30,4.66
2.68,154.86,5.22
0.38,162.15,5.56
-0.38,169.17,5.61
-0.19,175.21,5.57
0.57,181.95,5.55
1.72,188.69,5.61
1.92,195.00,5.80
1.53,201.46,6.02
0.57,207.78,6.19
0.38,214.66,6.26
0.38,221.96,6.31
0.57,228.84,6.35
0.77,235.15,6.42
1.92,241.89,6.51
2.11,249.05,6.74
2.30,255.93,7.00
2.49,263.08,7.28
1.92,269.67,7.57
1.53,276.13,7.79
2.11,282.72,7.96
2.49,289.46,8.21
2.30,296.05,8.50
1.92,303.07,8.78
1.72,309.66,9.00
2.11,316.68,9.21
2.30,324.12,9.49
1.72,330.43,9.74
1.72,336.32,9.92
2.30,342.92,10.11
2.30,349.93,10.40
2.68,356.95,10.68
2.68,364.52,11.03
2.49,371.40,11.35
2.68,377.43,11.62
2.49,383.74,11.91
1.92,390.05,12.19
1.72,396.65,12.41
1.34,403.38,12.61
0.77,409.98,12.76
1.72,416.86,12.86
2.49,423.88,13.07
2.30,430.47,13.35
3.06,436.92,13.61
3.06,443.65,13.97
3.06,450.38,14.33
2.87,457.25,14.70
2.49,464.54,15.07
2.11,471.56,15.37
2.87,477.73,15.60
3.06,483.76,15.90
2.68,490.21,16.25
2.30,495.82,16.51
1.72,502.70,16.79
0.77,510.13,17.01
1.72,517.01,17.10
2.49,524.59,17.33
2.87,531.04,17.61
3.26,537.21,17.92
3.06,543.52,18.28
2.11,550.11,18.63
2.30,556.99,18.89
***********
-0.19,-0.14,0.00
-0.19,-0.14,0.00
1.53,1.40,-0.01
5.75,5.33,0.10
4.79,13.30,0.90
3.06,23.51,1.76
0.77,33.61,2.30
-1.72,43.29,2.43
-1.92,51.29,2.19
-0.57,57.05,1.99
1.15,62.24,1.94
2.30,67.29,2.04
2.11,72.77,2.26
0.77,79.36,2.51
-1.34,87.08,2.61
-3.06,94.52,2.43
-2.49,101.67,2.05
-0.57,108.97,1.73
0.19,115.71,1.67
1.72,122.16,1.69
1.34,128.62,1.88
1.34,134.80,2.03
0.77,141.39,2.18
0.38,148.69,2.28
0.00,155.71,2.33
-0.57,162.03,2.33
-0.96,168.49,2.26
-1.92,175.09,2.15
-2.11,181.40,1.94
-2.30,188.56,1.68
-1.72,194.59,1.43
-0.77,202.03,1.21
-0.19,209.47,1.11
-0.77,216.07,1.09
-1.15,222.53,1.00
-1.34,229.13,0.87
-0.77,235.44,0.72
-0.38,242.18,0.63
0.57,249.06,0.59
0.96,256.08,0.66
1.34,262.54,0.76
0.19,269.28,0.92
-1.15,275.88,0.94
-1.92,282.89,0.80
-1.92,289.63,0.58
-0.57,296.23,0.36
0.57,303.53,0.28
2.11,310.83,0.36
1.53,317.14,0.59
1.34,324.02,0.77
0.38,330.62,0.93
-0.19,337.21,0.97
-0.77,344.09,0.95
0.19,350.69,0.86
1.15,357.01,0.88
1.15,364.03,1.02
1.15,371.05,1.16
0.19,377.65,1.30
-0.38,383.97,1.32
-0.96,390.56,1.27
-0.77,397.16,1.16
0.19,404.32,1.07
1.15,411.48,1.09
0.96,417.80,1.22
1.53,424.40,1.33
0.19,430.71,1.50
-0.19,437.45,1.52
-0.38,444.61,1.50
0.77,451.35,1.45
1.34,458.23,1.54
1.92,464.83,1.70
1.15,471.57,1.92
0.38,477.74,2.05
-0.38,483.64,2.09
-1.15,490.38,2.04
-0.38,496.56,1.92
0.57,503.72,1.87
1.34,511.30,1.95
0.96,517.76,2.10
0.96,524.49,2.21
0.00,531.09,2.32
-0.19,537.41,2.32
-0.38,544.57,2.30
0.77,551.31,2.25
1.34,557.91,2.34
***********
0.00,0.00,0.00
0.00,0.00,0.00
0.96,0.98,0.00
4.41,3.79,0.05
2.87,12.19,0.69
-0.19,23.41,1.26
-2.87,33.80,1.22
-4.41,43.33,0.74
-4.02,51.45,0.12
-2.11,57.34,-0.30
2.30,61.41,-0.45
7.09,64.91,-0.30
11.11,68.12,0.09
9.19,75.28,1.50
4.60,84.43,2.98
-0.19,94.37,3.78
-4.41,102.51,3.75
-5.17,109.51,3.21
-4.02,116.22,2.61
-1.53,121.96,2.20
3.45,125.89,2.10
8.24,129.40,2.31
8.04,135.65,3.21
4.60,143.99,4.39
0.19,153.09,5.12
-3.64,160.95,5.15
-4.79,168.80,4.65
-4.41,175.23,4.11
-2.49,181.67,3.62
2.30,186.58,3.40
8.04,190.79,3.57
8.62,196.77,4.42
5.17,204.82,5.64
-0.00,213.07,6.38
-4.02,220.51,6.38
-5.94,228.08,5.85
-5.55,234.78,5.15
-3.45,241.63,4.49
-0.57,248.50,4.07
2.30,254.53,4.01
3.45,260.71,4.26
3.64,267.01,4.64
1.92,273.88,5.08
-0.00,281.18,5.32
-0.77,288.20,5.32
-0.00,295.22,5.23
0.77,301.67,5.23
1.34,308.55,5.32
2.30,315.15,5.48
1.92,321.89,5.75
1.15,328.62,5.97
0.38,335.36,6.11
0.96,342.24,6.15
1.34,349.54,6.27
1.53,356.14,6.43
1.72,362.45,6.60
1.92,369.61,6.81
1.72,377.05,7.06
1.34,384.35,7.28
1.53,391.78,7.46
1.72,398.10,7.62
2.49,404.56,7.82
1.72,411.01,8.10
0.57,417.18,8.29
-0.38,423.50,8.35
-0.77,430.24,8.30
-0.77,436.70,8.22
0.57,443.86,8.12
1.92,451.30,8.20
3.06,457.19,8.39
4.02,464.06,8.76
2.87,470.51,9.21
1.34,477.80,9.58
0.38,484.68,9.74
0.38,491.42,9.79
0.96,498.02,9.83
1.72,504.19,9.93
2.30,510.79,10.13
2.11,517.10,10.39
1.34,523.56,10.62
0.77,530.15,10.78
0.38,536.89,10.87
0.57,543.77,10.91
1.34,551.35,10.99
1.34,557.53,11.13
***********
-1.34,-0.98,0.00
-0.77,-0.56,-0.01
0.96,0.98,-0.03
6.51,5.05,0.04
9.39,12.17,0.85
8.04,22.56,2.57
4.98,33.40,4.10
1.72,42.49,4.89
-2.11,51.19,5.15
-4.02,58.21,4.90
-3.06,62.83,4.57
0.77,66.76,4.36
5.17,69.99,4.40
9.39,73.62,4.73
8.04,81.52,6.04
3.64,91.11,7.39
-2.11,100.64,8.00
-5.36,108.92,7.70
-6.90,116.19,7.01
-5.36,122.60,6.24
-2.30,128.47,5.69
2.68,132.96,5.51
8.04,136.89,5.69
9.39,142.31,6.46
5.55,150.62,7.83
0.57,159.56,8.70
-3.26,167.99,8.78
-5.17,175.28,8.37
-4.21,181.57,7.80
-1.53,187.45,7.37
1.72,194.05,7.19
4.02,200.22,7.38
4.60,207.09,7.86
3.64,213.94,8.41
1.53,221.09,8.86
-0.19,227.97,9.05
-0.77,235.13,9.02
-0.96,241.73,8.94
0.00,248.33,8.83
0.96,254.64,8.83
1.34,261.10,8.93
2.49,267.56,9.09
2.68,273.31,9.34
2.11,280.46,9.67
1.72,287.76,9.94
1.53,295.48,10.17
1.53,301.93,10.34
1.53,309.23,10.54
2.30,315.69,10.71
2.49,322.56,10.99
3.06,329.44,11.29
2.68,336.45,11.66
1.53,343.18,11.98
1.53,349.64,12.15
1.34,356.23,12.33
1.53,362.27,12.47
1.72,368.58,12.64
1.72,375.32,12.84
1.92,382.76,13.06
2.49,389.92,13.30
2.68,396.51,13.59
2.68,402.96,13.89
2.68,409.97,14.22
2.11,416.56,14.53
1.53,423.72,14.79
2.11,430.32,14.97
2.49,436.77,15.21
2.30,443.08,15.48
2.49,449.96,15.76
1.72,456.69,16.05
0.96,463.15,16.24
1.34,469.60,16.35
1.53,475.92,16.50
2.11,482.80,16.68
3.64,489.53,16.93
3.64,496.26,17.36
3.06,502.57,17.76
2.49,508.87,18.10
2.30,515.47,18.38
1.72,522.90,18.68
2.11,529.92,18.89
2.68,537.08,19.16
2.11,543.95,19.48
2.11,550.68,19.73
1.92,556.72,19.95
***********
