0.00,0.00,0.00
-0.19,0.14,0.00
0.19,2.39,-0.01
-0.96,11.93,0.02
-2.68,24.43,-0.18
-3.45,38.73,-0.85
-3.64,51.49,-1.62
-3.26,61.02,-2.23
-3.64,67.75,-2.61
-5.94,72.23,-2.90
-8.62,76.14,-3.30
-9.96,81.28,-4.08
-9.19,88.47,-5.34
-6.13,97.34,-6.78
-4.79,106.69,-7.79
-6.32,115.09,-8.49
-9.96,122.48,-9.31
-15.90,128.15,-10.30
-21.45,132.07,-11.42
-21.07,137.56,-13.58
-16.47,145.42,-16.60
-13.22,154.71,-19.35
-13.79,163.87,-21.50
-16.86,171.50,-23.38
-23.18,177.28,-25.13
-29.69,181.67,-27.01
-34.48,184.96,-28.88
-33.71,190.29,-32.54
-30.65,197.06,-37.06
-27.96,204.79,-41.64
-27.58,212.73,-45.85
-30.65,220.20,-49.75
-36.78,226.72,-53.62
-45.01,231.55,-57.23
-51.52,234.93,-60.61
-55.55,237.64,-64.02
-52.48,241.45,-69.57
-47.50,246.58,-76.26
-45.20,252.46,-82.67
-48.27,257.61,-87.86
-55.74,261.44,-92.15
-63.78,264.76,-97.03
-70.68,266.99,-101.56
-70.30,269.31,-108.19
-64.93,272.34,-116.64
-61.29,275.97,-124.40
-62.44,279.61,-131.05
-68.76,282.28,-136.16
-76.04,284.21,-141.13
-82.94,285.43,-146.03
-86.38,286.02,-150.77
-82.94,286.51,-158.62
-77.57,287.58,-167.26
-75.85,289.37,-175.35
-79.11,291.12,-182.29
-86.19,292.20,-187.95
-93.47,292.58,-193.55
-99.79,292.30,-198.17
-101.90,291.41,-203.29
-97.49,289.82,-210.85
-92.32,288.67,-219.62
-91.36,288.33,-227.90
-95.77,288.16,-235.06
-103.81,287.57,-240.92
-111.67,286.19,-246.51
-117.80,284.43,-250.95
-118.75,281.88,-255.79
-114.92,277.96,-262.93
-109.56,274.29,-270.83
-108.22,271.61,-278.37
-112.63,269.28,-285.44
-121.05,266.80,-291.40
-128.33,263.61,-296.69
-134.08,261.00,-300.00
-135.04,257.19,-303.93
-130.44,252.03,-309.09
-126.61,246.74,-315.29
-126.99,241.89,-321.82
-131.78,237.41,-327.77
-138.87,233.20,-332.48
-145.57,229.50,-335.71
-150.55,226.26,-337.93
-149.02,220.14,-341.39
-144.04,212.20,-346.16
-141.55,205.04,-351.35
***********
0.00,0.00,0.00
-0.19,0.14,0.00
-1.92,1.40,-0.00
-3.06,8.14,-0.23
-3.45,22.72,-1.01
-3.06,38.70,-1.97
-1.72,51.74,-2.67
-0.19,60.44,-2.93
-0.77,64.51,-2.95
-0.96,64.65,-2.95
-1.34,64.93,-2.95
-5.55,71.39,-3.10
-6.90,83.83,-4.31
-6.51,96.93,-5.90
-5.94,107.11,-7.06
-5.94,113.82,-7.76
-9.00,118.28,-8.22
-13.98,122.17,-8.84
-18.96,125.98,-9.79
-19.54,132.22,-11.93
-17.24,140.16,-14.75
-14.17,149.01,-17.50
-14.17,156.91,-19.49
-18.20,162.49,-20.90
-25.09,167.29,-22.48
-31.22,171.36,-24.38
-34.09,176.52,-27.51
-30.07,183.62,-32.31
-25.47,192.12,-37.24
-23.94,199.73,-40.86
-28.35,205.50,-43.43
-36.20,210.57,-46.16
-43.67,214.99,-49.39
-48.46,217.93,-52.21
-45.40,221.84,-56.62
-37.73,227.17,-62.02
-30.65,232.16,-65.88
-33.52,240.02,-70.54
-41.37,249.03,-76.51
-49.99,256.93,-83.47
-59.95,262.35,-89.92
-67.81,265.23,-94.90
-73.17,266.72,-98.54
-71.06,267.81,-102.17
-63.21,269.68,-107.62
-57.08,272.59,-113.38
-61.10,278.16,-121.98
-69.72,283.25,-131.20
-80.64,286.32,-139.50
-89.07,287.37,-145.87
-94.05,287.43,-149.80
-89.45,287.08,-154.85
-80.83,287.14,-161.16
-72.59,288.10,-167.13
-74.51,290.62,-175.16
-83.32,293.47,-185.45
-95.39,294.53,-194.51
-105.35,293.85,-201.78
-111.67,292.62,-206.25
-106.69,290.96,-210.42
-96.92,288.90,-217.28
-88.30,288.14,-223.56
-88.30,288.33,-230.01
-97.49,288.63,-240.12
-111.48,287.30,-250.28
-122.78,284.26,-257.99
-122.78,281.22,-262.71
-111.86,276.89,-269.44
-102.47,274.33,-275.82
-97.69,273.39,-280.07
-104.01,272.54,-286.33
-115.88,270.17,-295.87
-128.52,265.63,-305.22
-139.63,260.56,-311.59
-139.63,256.07,-315.41
-129.29,250.29,-320.32
-122.20,246.11,-325.43
-124.12,242.52,-331.13
-133.70,238.58,-336.94
-145.57,232.57,-343.24
-157.64,225.27,-348.24
-160.51,218.13,-351.18
-153.04,210.05,-354.03
-140.97,202.17,-358.04
-130.25,195.84,-363.17
***********
0.00,0.00,0.00
0.00,0.28,0.00
-0.38,1.12,0.00
-0.77,10.11,-0.06
-0.96,25.13,-0.26
-1.34,42.54,-0.55
-1.34,56.30,-0.87
-1.34,65.56,-1.09
-1.53,70.75,-1.21
-2.30,71.60,-1.23
-2.30,71.60,-1.23
-5.36,76.93,-1.45
-7.85,89.65,-2.64
-8.24,104.11,-4.64
-7.85,117.17,-6.53
-9.58,126.77,-7.85
-14.37,132.73,-8.86
-19.54,136.40,-9.80
-23.94,139.44,-10.88
-29.31,143.03,-12.47
-30.65,149.03,-15.84
-28.92,157.13,-20.64
-27.20,165.85,-25.46
-27.96,173.35,-29.31
-31.03,178.80,-32.20
-36.97,183.25,-34.88
-44.05,187.40,-38.01
-45.59,192.65,-43.08
-43.86,198.65,-49.20
-41.56,204.31,-54.65
-41.37,209.25,-59.03
-45.20,214.52,-63.67
-50.76,219.57,-68.75
-56.89,223.65,-73.75
-61.10,226.26,-77.75
-61.10,229.38,-83.40
-58.42,233.04,-90.04
-57.08,237.09,-96.62
-58.99,241.06,-102.75
-64.36,244.38,-108.29
-71.06,246.51,-112.72
-75.85,248.01,-117.10
-74.13,249.70,-123.77
-70.87,252.19,-132.55
-69.91,255.28,-141.44
-72.79,258.12,-149.22
-79.49,259.91,-154.98
-86.38,260.83,-159.95
-91.56,261.07,-163.74
-91.17,260.90,-169.91
-86.77,260.72,-178.76
-82.94,261.26,-188.29
-83.51,262.31,-196.79
-89.64,263.10,-203.76
-97.11,263.14,-209.24
-104.77,262.44,-214.81
-110.33,261.40,-218.75
-110.33,259.45,-224.02
-104.77,256.77,-231.26
-99.41,254.55,-239.67
-99.60,253.15,-248.12
-105.35,251.93,-255.32
-114.35,250.19,-261.69
-122.01,247.87,-266.80
-127.76,245.64,-270.37
-126.61,242.37,-274.59
-117.99,238.44,-279.89
-110.33,235.27,-285.84
-111.28,231.62,-295.72
-118.75,227.39,-306.58
-129.48,222.66,-315.19
-139.25,218.10,-320.72
-145.38,214.70,-323.65
-148.06,213.08,-324.77
-144.23,209.98,-326.70
-136.95,205.66,-329.82
-135.42,198.68,-336.34
-140.02,190.08,-344.81
-147.68,182.12,-351.49
-157.25,175.71,-355.54
-164.34,170.92,-357.55
-166.45,167.81,-358.42
-161.28,164.12,-359.31
-154.38,159.34,-360.93
-153.81,151.61,-364.64
***********
0.00,0.00,0.00
-0.38,0.28,0.00
-0.57,0.98,-0.00
-1.34,9.69,-0.09
-1.72,23.72,-0.42
-1.34,38.60,-0.87
-1.15,50.81,-1.15
-2.49,57.97,-1.30
-5.94,61.62,-1.46
-8.43,63.43,-1.65
-12.26,66.21,-2.06
-13.22,72.94,-3.52
-10.34,83.46,-5.99
-8.62,94.10,-7.93
-8.04,103.12,-9.30
-11.11,109.51,-10.20
-16.66,113.51,-10.99
-22.41,117.55,-12.19
-26.05,122.35,-14.17
-23.56,129.03,-17.44
-19.15,137.14,-20.98
-16.66,144.70,-23.60
-19.15,152.10,-25.82
-25.09,158.07,-27.89
-31.99,162.65,-30.04
-37.35,166.46,-32.42
-36.20,171.14,-35.99
-32.75,177.72,-40.80
-29.69,185.27,-45.66
-31.03,192.96,-50.05
-37.16,199.70,-54.10
-45.01,204.28,-57.58
-51.33,207.56,-60.85
-56.12,210.28,-64.25
-53.63,214.27,-70.20
-48.27,219.77,-77.66
-45.59,225.75,-84.36
-47.89,230.66,-89.38
-54.97,234.90,-94.07
-63.40,238.44,-99.12
-70.68,240.83,-103.90
-73.93,242.55,-108.80
-69.91,244.77,-116.49
-61.87,247.18,-123.08
-56.50,249.56,-127.54
-60.72,253.74,-133.86
-69.15,258.41,-142.19
-79.49,261.61,-150.59
-88.87,262.87,-157.35
-94.43,262.96,-161.98
-89.83,262.55,-167.30
-81.40,262.57,-173.48
-74.32,263.47,-179.45
-76.62,265.97,-188.37
-85.24,268.47,-198.89
-96.34,269.24,-208.13
-106.30,268.44,-215.38
-112.24,267.22,-219.56
-108.79,265.83,-222.94
-100.94,263.98,-228.39
-94.24,262.89,-234.04
-97.30,262.22,-243.00
-104.96,260.87,-253.59
-116.07,258.40,-262.81
-125.84,255.25,-269.24
-131.78,252.70,-272.77
-128.52,250.18,-275.60
-119.52,246.07,-280.76
-111.67,243.09,-286.01
-112.82,239.88,-294.10
-121.82,235.69,-304.07
-133.89,230.73,-312.06
-143.08,226.06,-316.92
-148.83,222.69,-319.45
-145.00,219.08,-321.63
-135.80,213.56,-325.50
-127.76,209.34,-329.61
-128.91,204.00,-336.49
-136.38,197.39,-344.68
-147.29,190.17,-351.56
-158.02,183.56,-355.81
-164.72,179.00,-357.65
-163.58,176.56,-358.31
-155.15,170.64,-360.06
-147.10,165.29,-362.54
***********
0.00,0.00,0.00
0.00,0.28,0.00
-0.38,1.12,0.00
-2.49,8.85,-0.05
-2.68,23.85,-0.70
-1.92,42.09,-1.56
-0.57,56.26,-2.03
-0.00,65.11,-2.12
-2.30,68.48,-2.12
-2.87,68.90,-2.14
-3.06,69.04,-2.14
-7.09,74.50,-2.44
-9.58,86.63,-3.94
-10.53,100.33,-6.26
-11.30,112.48,-8.52
-11.49,121.43,-10.30
-13.22,125.15,-11.06
-16.47,127.47,-11.61
-20.30,130.16,-12.40
-22.79,135.03,-14.20
-21.26,144.87,-18.34
-18.20,156.39,-22.82
-17.24,166.12,-26.02
-20.69,172.56,-28.02
-25.67,176.76,-29.60
-31.41,180.56,-31.43
-36.58,184.04,-33.55
-37.35,189.00,-37.23
-34.48,196.03,-42.60
-31.22,203.78,-47.92
-31.22,211.95,-52.87
-35.43,219.15,-57.24
-43.10,224.19,-60.82
-50.38,228.08,-64.47
-56.70,231.04,-68.04
-57.65,234.04,-72.61
-53.63,238.32,-79.37
-49.03,243.82,-86.84
-48.65,249.71,-93.62
-53.06,254.63,-99.21
-61.29,258.59,-104.48
-68.76,261.22,-109.28
-74.32,262.80,-113.34
-74.89,264.20,-118.34
-70.30,266.18,-125.66
-66.27,269.07,-133.73
-66.46,272.18,-140.80
-71.83,274.98,-147.23
-79.87,276.91,-153.10
-87.34,277.87,-158.49
-90.79,278.14,-164.38
-87.53,278.04,-172.11
-81.79,278.37,-179.96
-80.64,279.34,-186.63
-84.66,280.46,-193.42
-92.32,280.98,-199.01
-99.98,280.75,-204.62
-103.62,279.75,-210.29
-100.56,277.90,-217.93
-95.39,276.38,-226.08
-93.28,275.66,-233.77
-96.54,275.31,-239.79
-104.58,274.64,-245.65
-112.63,273.16,-251.36
-119.14,271.32,-255.77
-120.10,268.52,-260.79
-114.35,264.43,-267.84
-106.50,261.71,-273.85
-105.16,259.60,-280.99
-110.52,257.03,-290.47
-119.33,253.49,-299.94
-128.52,249.50,-307.04
-135.80,246.00,-311.43
-140.21,243.68,-313.69
-140.02,240.56,-316.29
-136.19,235.39,-320.62
-133.12,229.11,-326.65
-133.12,222.97,-333.21
-136.95,217.40,-339.15
-144.04,212.58,-343.66
-151.51,208.15,-346.87
-157.25,204.44,-348.88
-158.21,199.39,-351.00
-154.19,192.22,-353.87
-149.59,184.39,-357.66
***********
