0.00,0.00,0.00
-0.57,0.70,0.00
-3.64,4.63,-0.04
-7.28,16.26,-0.78
-9.77,29.49,-2.47
-9.58,40.70,-4.40
-8.81,49.01,-5.80
-9.58,56.22,-6.92
-11.68,62.73,-8.02
-13.98,68.23,-9.15
-16.66,73.14,-10.38
-18.96,78.79,-12.07
-20.69,85.56,-14.39
-20.88,91.99,-16.82
-22.60,98.42,-19.28
-24.52,105.16,-22.08
-26.24,111.68,-25.05
-28.73,118.10,-28.22
-31.41,124.26,-31.59
-33.52,129.41,-34.74
-36.20,135.03,-38.46
-38.50,140.47,-42.44
-40.42,145.30,-46.29
-42.33,150.22,-50.48
-44.44,155.30,-55.11
-45.59,159.11,-58.84
-47.50,164.03,-63.86
-50.18,169.34,-69.66
-52.87,174.37,-75.70
-55.74,178.70,-81.40
-57.46,181.94,-86.16
-59.19,185.03,-91.01
-61.10,188.20,-96.32
-63.02,191.59,-102.47
-65.12,194.71,-108.60
-67.23,197.84,-115.35
-69.91,200.56,-121.82
-72.02,202.73,-127.76
-73.93,204.81,-134.17
-76.42,206.64,-140.51
-78.15,208.25,-147.20
-80.45,209.69,-154.07
-81.60,210.81,-160.71
-83.32,211.74,-166.96
-86.00,212.49,-173.38
-88.30,212.96,-180.10
-90.22,213.17,-187.12
-91.36,213.14,-194.42
-93.28,212.96,-201.72
-94.81,212.64,-207.32
-96.92,212.16,-213.06
-99.79,211.36,-219.61
-102.09,210.12,-226.81
-104.77,208.65,-233.67
-106.30,206.93,-240.19
-107.26,205.08,-246.52
-108.99,203.12,-252.82
-111.48,200.79,-259.59
-113.97,198.17,-266.26
-116.07,195.49,-272.29
-119.14,192.78,-277.84
-121.44,189.90,-282.99
-122.39,186.90,-287.90
-123.74,183.07,-293.95
-125.65,178.85,-300.25
-127.57,174.76,-305.96
-129.86,170.48,-311.52
-131.97,166.07,-316.80
-135.23,162.04,-321.29
-138.29,157.25,-326.04
-140.40,152.12,-330.61
-142.12,147.25,-334.64
-143.46,142.04,-338.69
-145.57,136.51,-342.79
-145.76,131.07,-346.52
-147.49,125.61,-350.23
-150.17,119.22,-354.31
-152.27,112.76,-358.01
-154.96,106.55,-361.28
-157.45,101.33,-363.71
-159.94,96.28,-365.81
-162.23,89.95,-368.13
-164.15,82.72,-370.44
-165.49,75.84,-372.40
-167.79,69.31,-374.08
-0.19,0.14,0.00
-1.34,1.26,-0.00
-5.17,8.28,-0.17
-8.24,19.19,-1.16
-11.11,29.61,-2.66
-13.22,38.29,-4.37
-14.56,44.72,-5.88
-15.71,49.61,-7.15
-16.47,54.20,-8.44
-18.20,60.26,-10.23
-20.30,66.53,-12.29
-21.84,73.38,-14.83
-24.33,80.55,-17.70
-26.82,86.82,-20.53
-28.92,91.70,-23.00
-30.65,97.48,-26.19
-31.60,103.88,-29.99
-32.37,109.86,-33.67
-34.09,115.67,-37.35
-36.78,121.25,-41.13
-39.27,126.76,-45.25
-41.95,131.76,-49.33
-44.05,136.05,-53.18
-45.40,140.59,-57.58
-47.89,145.42,-62.47
-49.99,150.41,-67.99
-52.29,155.10,-73.59
-54.01,159.48,-79.25
-56.31,163.44,-84.70
-57.27,166.95,-89.96
-58.80,170.29,-95.16
-61.48,173.63,-100.68
-63.78,176.71,-106.36
-66.66,179.63,-112.28
-69.72,182.41,-118.72
-71.25,184.85,-125.31
-73.36,187.06,-131.82
-75.66,189.15,-138.82
-77.19,190.82,-145.35
-78.72,192.25,-151.65
-80.83,193.59,-158.39
-82.55,194.60,-164.63
-84.09,195.40,-170.76
-86.96,196.08,-177.32
-89.83,196.46,-184.47
-92.13,196.48,-191.77
-93.85,196.23,-198.65
-94.62,195.77,-205.37
-95.96,195.26,-211.67
-98.26,194.54,-218.65
-100.75,193.55,-225.46
-102.86,192.32,-231.94
-105.54,190.88,-238.24
-107.84,189.22,-244.19
-108.99,187.33,-250.07
-111.09,185.09,-256.58
-113.39,182.47,-263.39
-115.50,179.62,-269.96
-117.80,176.60,-276.30
-119.33,173.59,-282.01
-121.25,170.70,-287.16
-124.12,167.42,-292.56
-126.61,163.56,-298.25
-128.14,159.71,-303.44
-129.48,155.64,-308.63
-131.59,151.26,-313.94
-132.35,146.60,-319.19
-134.65,141.87,-324.38
-137.53,137.04,-329.27
-140.21,132.07,-333.82
-143.46,126.78,-338.22
-145.76,121.59,-342.07
-147.29,116.72,-345.39
-148.83,110.81,-349.18
-149.98,104.56,-352.96
-151.89,98.24,-356.61
-153.81,92.05,-359.92
-156.11,86.00,-362.90
-156.87,80.61,-365.28
-159.17,75.19,-367.60
-162.81,69.02,-369.95
-165.49,61.51,-372.27
-168.17,54.44,-374.10
-170.28,46.60,-375.74
-171.62,39.27,-377.00
0.00,0.00,0.00
-1.15,1.68,0.00
-4.41,8.28,-0.13
-8.62,19.20,-0.97
-11.88,30.45,-2.68
-13.79,38.97,-4.47
-16.09,44.97,-5.94
-18.39,49.55,-7.27
-20.30,54.08,-8.77
-22.98,58.82,-10.52
-24.71,64.64,-12.99
-26.82,71.65,-16.22
-29.11,79.67,-20.27
-31.22,87.16,-24.44
-33.14,92.68,-27.79
-35.63,97.50,-30.94
-37.73,101.95,-34.13
-38.88,106.39,-37.56
-40.80,111.64,-41.79
-43.67,117.27,-46.66
-45.78,122.66,-51.79
-48.08,127.75,-57.03
-49.03,132.16,-61.94
-49.99,136.30,-66.71
-52.10,140.90,-72.19
-53.82,145.30,-77.84
-56.12,148.95,-82.83
-57.85,152.31,-87.84
-59.95,155.53,-92.95
-62.06,158.69,-98.42
-63.97,161.98,-104.62
-66.66,165.18,-111.18
-68.95,168.19,-118.15
-71.06,170.76,-124.83
-72.21,172.95,-131.20
-73.36,174.83,-137.09
-75.47,176.72,-143.41
-78.34,178.45,-150.07
-80.83,179.73,-156.26
-82.55,180.78,-162.77
-85.04,181.67,-169.59
-86.77,182.26,-176.45
-88.30,182.64,-183.18
-90.41,182.84,-189.77
-92.51,182.79,-196.93
-94.62,182.50,-203.53
-96.92,181.96,-210.24
-99.03,181.20,-216.52
-101.32,180.18,-222.89
-104.01,178.80,-229.78
-105.92,177.11,-236.59
-107.07,175.26,-243.07
-108.41,173.32,-249.38
-110.33,171.10,-256.04
-111.67,169.00,-261.70
-114.92,166.57,-267.83
-117.99,163.73,-273.95
-120.86,160.63,-279.77
-122.39,157.17,-285.56
-122.59,153.64,-291.13
-123.16,150.24,-296.45
-125.84,146.40,-302.33
-129.10,141.87,-308.59
-131.40,137.45,-314.04
-134.27,133.27,-318.78
-137.14,129.05,-323.10
-138.48,124.63,-327.21
-140.78,119.79,-331.49
-142.31,114.35,-335.93
-143.46,108.80,-340.22
-145.19,102.82,-344.65
-146.72,96.59,-348.98
-148.44,91.08,-352.60
-151.32,85.21,-356.20
-154.38,79.79,-359.17
-156.87,74.10,-361.90
-159.55,68.42,-364.32
-161.85,62.10,-366.68
-162.43,55.56,-368.82
-163.96,49.14,-370.86
-166.26,41.85,-372.95
-168.75,34.08,-374.85
-170.47,28.43,-375.98
-169.90,25.25,-376.51
-168.17,17.09,-377.96
0.00,0.00,0.00
-1.34,1.26,0.00
-5.75,7.02,-0.13
-9.39,17.78,-1.22
-11.88,29.55,-3.16
-12.83,38.48,-5.04
-13.98,44.78,-6.48
-15.71,49.55,-7.66
-18.20,54.01,-8.92
-20.30,58.94,-10.54
-22.22,65.53,-12.98
-22.98,72.29,-15.74
-23.75,79.27,-18.70
-25.67,86.21,-21.75
-28.16,92.66,-24.85
-31.41,98.48,-27.97
-33.90,103.87,-31.26
-35.43,109.00,-34.71
-35.82,113.57,-37.96
-36.97,119.27,-42.07
-39.65,125.32,-46.63
-42.52,130.84,-51.20
-45.01,135.91,-55.85
-46.54,140.47,-60.42
-48.46,144.92,-65.11
-51.72,149.48,-70.25
-54.40,153.83,-75.77
-55.93,157.75,-81.25
-56.89,161.29,-86.48
-58.80,164.82,-91.89
-59.57,167.73,-96.69
-61.48,171.14,-102.50
-64.93,174.76,-109.17
-68.57,177.92,-115.91
-71.64,180.48,-122.44
-73.36,182.56,-128.70
-74.51,184.33,-134.62
-75.85,186.17,-141.25
-76.81,187.92,-148.20
-78.72,189.45,-154.76
-80.83,190.75,-161.23
-83.70,191.80,-167.75
-85.81,192.46,-173.75
-88.11,192.95,-180.47
-91.17,193.18,-187.48
-92.90,193.04,-194.36
-94.81,192.69,-201.37
-95.77,192.16,-207.67
-96.92,191.51,-214.10
-98.83,190.70,-220.79
-101.71,189.55,-228.14
-104.20,188.16,-234.88
-106.69,186.54,-241.27
-108.79,184.72,-247.33
-110.90,182.87,-252.78
-111.67,180.67,-258.55
-113.97,177.97,-265.33
-116.65,175.00,-272.00
-118.56,171.86,-278.28
-120.67,168.57,-284.32
-122.20,165.13,-290.12
-124.12,161.69,-295.58
-126.03,157.91,-301.16
-128.52,154.19,-306.27
-130.82,150.34,-311.11
-133.31,145.66,-316.52
-135.61,141.04,-321.43
-136.57,136.52,-325.85
-139.06,131.32,-330.77
-141.55,125.70,-335.65
-143.46,120.20,-340.01
-145.76,115.24,-343.69
-146.91,110.36,-347.01
-148.64,104.60,-350.76
-150.55,98.13,-354.71
-153.04,91.65,-358.37
-155.15,86.01,-361.23
-157.64,80.03,-364.01
-160.32,74.31,-366.36
-161.66,68.63,-368.39
-163.19,62.23,-370.51
-165.68,55.38,-372.58
-167.79,48.44,-374.35
-169.90,41.71,-375.81
-171.43,35.08,-376.99
0.00,0.00,0.00
-0.77,0.84,0.00
-3.45,6.74,-0.08
-7.66,17.67,-0.74
-11.30,29.22,-2.29
-13.22,38.58,-4.16
-13.02,45.01,-5.67
-12.45,48.70,-6.53
-13.79,53.50,-7.58
-16.86,59.77,-9.12
-19.92,67.57,-11.49
-22.60,75.22,-14.26
-23.56,81.83,-17.01
-23.75,87.37,-19.43
-24.90,93.02,-21.91
-27.39,99.77,-25.05
-30.26,106.38,-28.47
-32.94,112.20,-31.87
-36.01,117.38,-35.23
-37.35,122.27,-38.78
-38.50,126.96,-42.35
-40.42,132.45,-46.72
-42.91,138.12,-51.55
-45.40,142.95,-56.04
-47.69,147.88,-61.04
-49.61,152.60,-66.23
-51.72,156.88,-71.26
-54.21,161.32,-76.88
-56.50,165.09,-82.12
-57.65,168.50,-87.27
-59.38,171.88,-92.61
-61.10,175.25,-98.29
-62.63,178.23,-103.69
-65.51,181.52,-110.05
-68.76,184.61,-116.83
-71.64,187.30,-123.76
-73.74,189.47,-130.29
-75.08,191.24,-136.36
-76.23,192.83,-142.33
-78.15,194.57,-149.42
-80.64,195.92,-155.88
-82.55,196.97,-162.25
-84.85,197.81,-168.65
-86.38,198.47,-175.92
-87.34,198.88,-182.51
-89.83,199.19,-189.10
-92.90,199.21,-196.12
-95.58,198.88,-202.57
-97.88,198.23,-209.28
-98.83,197.36,-215.54
-99.79,196.39,-221.78
-101.32,195.15,-228.98
-104.58,193.74,-236.00
-106.88,192.05,-242.52
-108.79,190.09,-248.97
-111.09,187.92,-255.35
-112.43,185.75,-260.98
-114.35,183.39,-266.69
-117.22,180.44,-273.22
-120.10,177.29,-279.34
-122.39,173.91,-285.17
-123.74,170.52,-290.50
-124.88,166.94,-295.87
-126.03,162.92,-301.63
-128.33,158.79,-307.31
-130.82,154.52,-312.71
-133.89,150.30,-317.59
-136.57,145.83,-322.25
-138.10,141.14,-326.69
-139.82,136.43,-330.91
-142.12,131.07,-335.44
-144.42,125.31,-339.92
-146.15,119.71,-343.92
-147.29,113.88,-347.83
-149.02,107.85,-351.70
-150.74,101.96,-355.24
-154.00,96.20,-358.47
-156.68,90.65,-361.18
-158.40,85.10,-363.57
-160.70,79.10,-365.94
-162.43,72.60,-368.22
-163.19,66.45,-370.17
-165.49,59.46,-372.28
-168.17,52.12,-374.18
-171.24,44.97,-375.68
