-1.15,5.33,0.00
-1.34,9.40,-0.08
-0.77,14.59,-0.20
-1.34,28.76,-0.39
-2.87,39.13,-0.63
-2.68,52.16,-1.29
-2.68,58.33,-1.58
-2.87,64.08,-1.85
-3.44,69.26,-2.11
2.30,75.42,-2.48
1.72,82.29,-2.20
-4.98,91.69,-1.92
-4.98,98.39,-2.50
-4.98,106.78,-3.23
-5.55,113.63,-3.83
-5.74,122.98,-4.74
-4.59,128.29,-5.27
-4.02,134.30,-5.75
-4.40,139.62,-6.13
-5.17,145.21,-6.56
-14.74,157.51,-7.67
-14.93,163.34,-9.21
-15.12,169.17,-10.76
-16.08,179.33,-13.50
-17.99,181.49,-14.12
-19.52,192.43,-17.68
-19.71,193.35,-18.01
-21.43,203.52,-21.65
-23.54,205.74,-22.52
-30.05,218.35,-28.01
-29.66,223.20,-30.82
-33.11,226.13,-32.49
-35.02,234.36,-37.85
-34.83,237.00,-39.70
-37.70,243.56,-44.27
-43.63,249.44,-48.82
-36.17,253.61,-52.79
-43.83,258.14,-56.10
-53.78,264.21,-61.93
-54.54,267.19,-66.00
-48.42,272.08,-72.86
-56.07,277.10,-78.53
-57.03,282.19,-86.09
-56.84,283.19,-87.62
-58.18,286.03,-91.97
-66.79,291.13,-100.19
-70.43,293.73,-106.25
-61.24,296.27,-113.39
-69.47,299.44,-119.17
-71.38,301.70,-125.21
-72.72,303.36,-130.13
-72.53,305.15,-135.89
-78.85,307.13,-142.18
-80.19,309.33,-153.33
-82.87,309.71,-155.54
-85.55,311.28,-168.07
-85.74,311.35,-169.05
-85.93,311.68,-173.39
-88.42,312.42,-183.88
-94.73,312.59,-189.91
-96.46,311.79,-199.56
-96.26,311.55,-201.65
-97.03,310.48,-211.41
-101.05,310.02,-215.17
-102.01,307.52,-227.98
-99.13,306.26,-233.88
-100.86,306.11,-234.85
-107.94,305.13,-239.94
-113.68,303.23,-245.82
-114.83,299.62,-254.04
-119.04,297.03,-259.64
-120.00,290.15,-272.03
-120.19,289.52,-273.12
-120.38,286.77,-277.85
-120.57,284.00,-282.57
-126.31,280.44,-288.61
-127.46,274.29,-296.98
-128.22,273.95,-297.42
-135.88,266.83,-306.46
-136.65,262.60,-310.56
-137.79,260.56,-312.49
-138.37,254.43,-318.05
-143.53,249.92,-322.06
-144.49,238.07,-330.81
-144.68,232.94,-334.48
0.19,0.14,0.00
0.19,0.14,0.00
0.38,5.33,0.02
-0.19,19.22,0.11
-0.38,34.51,0.06
-0.77,43.49,-0.00
-0.57,51.48,-0.11
-0.38,58.64,-0.18
-0.96,63.83,-0.21
-1.91,67.62,-0.28
-2.30,73.51,-0.47
-3.25,84.30,-0.91
-4.59,90.04,-1.23
-4.40,95.78,-1.69
-4.78,104.73,-2.38
-9.95,112.70,-3.05
-10.53,119.19,-4.19
-13.40,125.95,-5.45
-13.78,134.68,-7.53
-16.27,141.09,-9.10
-17.22,148.49,-11.26
-17.80,154.52,-13.13
-18.56,160.40,-15.01
-18.95,169.71,-18.14
-21.05,171.70,-18.82
-24.11,181.39,-22.55
-28.13,185.36,-24.33
-29.47,197.36,-30.75
-29.47,202.24,-33.51
-31.39,205.18,-35.16
-31.96,209.13,-37.57
-37.32,214.60,-40.99
-38.66,222.30,-46.86
-41.72,225.59,-49.49
-42.87,235.64,-58.45
-42.87,236.26,-59.02
-45.36,239.85,-62.36
-46.51,245.38,-67.95
-53.01,249.82,-72.63
-54.35,256.99,-82.16
-54.35,257.97,-83.53
-58.95,262.55,-89.91
-61.82,266.10,-95.80
-62.20,268.75,-100.75
-65.64,271.63,-106.21
-66.22,276.54,-117.07
-66.41,276.60,-117.20
-70.24,280.31,-125.68
-72.53,282.77,-132.55
-73.30,283.28,-134.15
-75.21,286.50,-144.90
-81.72,287.94,-150.33
-82.68,289.09,-158.24
-82.68,289.77,-163.53
-83.44,290.88,-172.16
-85.93,291.12,-174.25
-87.65,291.88,-185.02
-91.86,292.07,-189.51
-94.16,291.72,-200.17
-93.97,291.61,-201.70
-94.16,290.94,-211.36
-96.65,290.81,-213.18
-100.47,289.25,-226.56
-101.24,288.13,-232.63
-104.68,287.63,-235.10
-106.79,285.11,-244.74
-109.66,284.50,-246.75
-113.68,280.87,-256.93
-117.51,278.73,-261.81
-119.04,274.06,-270.77
-118.85,272.77,-273.10
-119.42,266.88,-283.79
-119.61,266.40,-284.64
-124.97,262.93,-290.74
-126.12,259.71,-295.34
-130.90,255.50,-301.12
-131.48,247.87,-309.92
-135.11,245.92,-312.13
-137.41,237.37,-320.64
-137.60,237.06,-320.93
-137.98,228.98,-328.30
-137.98,224.60,-332.25
-143.15,221.79,-334.78
-147.36,213.93,-340.67
-147.17,213.81,-340.75
0.38,5.33,0.00
-0.19,9.12,0.03
-0.77,11.22,0.02
-0.38,24.41,-0.16
-0.38,33.39,-0.22
-6.70,47.56,-0.31
-7.66,54.94,-1.18
-7.66,59.39,-1.78
-6.32,65.09,-2.54
-4.59,68.30,-2.90
-5.17,78.23,-3.70
-4.78,84.65,-4.28
-5.55,90.52,-4.77
-10.53,102.53,-5.94
-10.14,105.29,-6.45
-11.10,111.51,-7.56
-11.10,117.84,-8.80
-11.29,125.96,-10.40
-16.84,137.93,-12.79
-16.46,142.76,-14.25
-16.65,147.47,-15.64
-17.03,152.58,-17.17
-23.35,158.62,-19.02
-24.50,170.21,-24.02
-24.69,171.87,-24.78
-25.64,180.41,-28.70
-31.00,185.47,-31.13
-32.92,193.88,-36.19
-32.92,196.24,-37.71
-33.11,204.84,-43.28
-37.32,208.60,-45.73
-38.85,217.97,-52.88
-38.85,218.19,-53.05
-42.87,223.54,-57.36
-43.63,228.06,-61.56
-46.31,236.80,-69.89
-45.36,241.16,-74.45
-50.33,244.11,-77.45
-52.63,249.49,-83.93
-53.78,250.68,-85.49
-63.73,255.49,-92.05
-63.54,258.16,-97.46
-64.69,262.91,-107.01
-65.26,264.65,-110.69
-65.83,270.46,-123.30
-66.41,272.93,-128.80
-66.98,273.32,-129.70
-69.47,275.57,-135.00
-74.06,277.83,-141.04
-74.64,279.57,-147.11
-80.38,281.28,-153.33
-81.91,282.87,-162.74
-84.21,283.23,-165.24
-86.12,284.53,-178.08
-86.70,284.94,-184.10
-86.50,285.08,-186.48
-90.33,285.50,-193.48
-94.54,285.45,-201.90
-91.86,285.05,-206.93
-97.41,284.87,-212.68
-98.75,283.44,-223.67
-100.28,283.27,-224.78
-103.54,281.14,-236.51
-104.11,279.73,-242.38
-104.11,279.32,-244.01
-107.36,276.41,-255.58
-106.60,276.24,-256.11
-114.06,272.83,-267.54
-114.45,270.32,-273.18
-118.66,268.81,-276.50
-119.80,265.04,-283.39
-125.16,262.53,-287.77
-126.50,254.21,-299.59
-126.69,253.29,-300.83
-128.99,250.94,-303.98
-129.56,247.33,-308.45
-135.50,242.95,-313.75
-136.45,235.64,-320.92
-139.71,232.90,-323.53
-140.86,222.62,-332.24
-141.43,217.95,-336.05
-142.77,216.96,-336.84
-145.45,212.71,-340.06
-147.75,208.79,-342.77
-151.57,198.58,-349.21
0.00,0.00,0.00
0.00,0.00,0.00
-0.19,0.42,0.00
-0.77,6.73,-0.02
-0.96,17.82,-0.17
-1.15,32.26,-0.41
-1.34,38.86,-0.54
-1.53,47.13,-0.74
-1.91,53.58,-0.91
-2.30,58.91,-1.09
-2.30,63.96,-1.29
-2.87,69.42,-1.51
-2.87,75.87,-1.83
-3.44,89.46,-2.51
-9.38,96.88,-2.96
-10.91,104.08,-4.15
-5.93,110.69,-5.42
-3.44,115.57,-5.93
-7.27,121.74,-6.30
-8.04,133.70,-7.83
-12.06,139.40,-8.63
-11.10,145.02,-9.83
-13.40,152.46,-11.29
-15.12,160.51,-13.21
-15.12,165.66,-14.60
-16.08,170.67,-15.95
-20.48,182.66,-19.41
-19.90,184.37,-20.05
-24.69,194.79,-23.82
-26.03,200.02,-26.23
-26.60,205.19,-28.75
-27.18,209.83,-31.07
-34.26,219.69,-36.14
-33.68,224.44,-39.37
-35.98,228.18,-41.86
-36.94,232.15,-44.75
-42.49,237.87,-49.05
-43.44,247.08,-57.48
-45.74,248.50,-58.83
-49.76,257.81,-68.38
-49.95,261.52,-72.77
-51.48,262.24,-73.63
-55.31,266.44,-78.89
-59.90,273.62,-89.28
-59.90,276.58,-94.37
-62.39,278.76,-98.14
-63.16,283.70,-107.58
-63.16,283.95,-108.08
-66.79,288.70,-117.47
-67.94,290.58,-121.86
-71.58,292.64,-126.93
-71.96,294.24,-131.72
-78.27,296.54,-138.79
-79.81,298.48,-148.13
-80.19,299.02,-151.17
-81.53,300.91,-162.09
-86.12,301.49,-165.97
-84.40,302.22,-176.75
-85.16,302.30,-177.59
-94.54,303.21,-188.35
-94.16,302.95,-191.71
-94.54,302.19,-202.06
-96.26,302.07,-203.60
-98.56,300.73,-215.87
-98.94,299.85,-221.70
-101.62,299.54,-223.64
-104.30,298.07,-230.78
-109.66,296.55,-236.76
-111.38,291.78,-250.11
-111.38,289.53,-255.86
-112.15,289.33,-256.38
-121.53,286.31,-263.78
-120.57,283.89,-267.73
-120.38,276.40,-280.41
-120.95,273.21,-285.86
-121.14,273.13,-285.98
-127.46,269.58,-291.86
-128.61,266.00,-296.54
-131.48,263.46,-299.72
-132.63,257.70,-306.24
-139.52,252.95,-311.40
-140.47,243.24,-319.69
-140.66,242.91,-319.95
-141.24,238.90,-323.24
-141.62,234.08,-327.11
-0.57,4.35,0.00
-0.19,4.63,-0.00
0.19,8.00,-0.01
1.72,13.89,0.01
3.83,27.77,0.42
3.44,38.97,1.17
-0.19,45.55,1.57
-0.96,55.65,1.53
-1.53,61.96,1.43
-2.11,67.99,1.27
-2.49,73.32,1.07
-4.21,83.83,0.62
-7.85,89.85,0.17
-8.23,95.69,-0.63
-10.33,104.16,-1.86
-10.33,108.30,-2.61
-12.44,115.33,-3.90
-13.21,125.47,-6.13
-19.33,133.12,-7.93
-18.37,140.93,-10.67
-18.76,147.06,-12.70
-18.95,151.97,-14.37
-19.33,157.28,-16.19
-20.09,165.75,-19.16
-25.84,172.34,-21.57
-26.98,183.20,-26.83
-26.98,184.45,-27.47
-27.94,192.32,-31.48
-32.92,199.02,-35.03
-32.34,207.61,-40.59
-32.73,210.22,-42.24
-32.73,215.18,-45.43
-38.08,219.66,-48.31
-41.53,226.95,-54.02
-41.53,228.63,-55.51
-42.29,237.87,-63.70
-47.08,240.88,-66.43
-49.95,250.34,-76.60
-50.14,254.22,-81.22
-51.10,254.85,-81.98
-54.35,258.29,-86.23
-61.05,264.09,-94.33
-60.67,266.81,-99.24
-61.43,270.66,-106.09
-66.98,273.27,-110.89
-67.75,275.79,-116.83
-68.13,277.92,-122.03
-68.13,281.26,-130.36
-72.34,282.73,-134.00
-73.49,286.13,-144.70
-73.30,286.25,-145.10
-80.57,289.64,-156.39
-78.66,290.60,-162.20
-83.25,291.38,-166.05
-84.97,292.65,-176.78
-88.03,292.87,-179.29
-90.52,293.29,-191.49
-90.71,293.28,-192.19
-94.54,293.20,-198.65
-95.50,292.45,-208.02
-99.52,291.82,-214.58
-91.48,290.85,-220.39
-101.43,290.67,-227.40
-106.22,289.03,-235.52
-107.75,288.48,-237.40
-109.85,285.10,-247.96
-112.72,284.39,-249.94
-115.78,279.18,-262.36
-115.78,276.50,-267.92
-115.59,275.70,-269.56
-115.98,273.64,-273.86
-123.06,270.26,-280.80
-124.40,262.84,-292.20
-124.40,262.68,-292.43
-131.48,258.80,-298.11
-133.01,252.85,-304.83
-133.20,250.84,-306.99
-137.79,241.43,-317.01
-138.75,236.96,-321.06
-138.94,234.12,-323.56
-139.71,229.88,-327.25
-144.68,224.96,-331.42
-145.45,219.93,-334.99
-150.62,214.96,-338.41
-151.57,202.61,-345.36
