0.00,0.00,0.00
-0.77,0.84,0.00
-1.53,6.46,-0.08
-2.30,17.41,-0.37
-3.26,29.33,-0.85
-4.02,40.26,-1.47
-5.75,48.53,-2.05
-6.90,53.56,-2.56
-9.00,58.44,-3.15
-11.49,64.12,-4.05
-14.17,71.28,-5.50
-15.51,79.31,-7.53
-16.09,86.75,-9.60
-16.47,93.76,-11.62
-18.96,100.36,-13.57
-22.60,106.87,-15.81
-26.05,111.54,-17.75
-28.16,116.71,-20.28
-29.31,122.65,-23.46
-30.26,129.14,-27.10
-31.03,135.20,-30.64
-33.33,141.70,-34.54
-36.01,148.27,-38.86
-39.07,153.49,-42.66
-42.33,157.74,-46.11
-44.05,162.21,-50.18
-45.97,166.65,-54.48
-48.27,171.92,-59.93
-50.57,176.40,-64.96
-52.29,180.77,-70.27
-53.82,185.07,-75.82
-56.12,189.21,-81.49
-57.27,192.66,-86.62
-60.14,196.37,-92.41
-63.21,199.73,-98.25
-65.12,202.77,-104.27
-67.04,205.37,-109.87
-68.19,207.78,-115.56
-70.49,210.39,-122.08
-73.93,212.82,-128.96
-76.42,214.81,-135.84
-77.96,216.45,-142.67
-79.11,217.92,-149.53
-81.02,219.09,-155.60
-81.98,219.98,-161.28
-85.04,220.89,-167.68
-87.53,221.50,-174.81
-89.83,221.82,-182.11
-91.94,221.84,-188.99
-92.32,221.60,-196.00
-93.85,221.34,-202.46
-96.15,220.87,-209.46
-98.64,220.13,-216.30
-100.94,219.16,-222.69
-103.24,217.93,-229.03
-105.92,216.45,-235.32
-106.88,214.80,-241.12
-108.79,212.92,-247.30
-111.09,210.66,-253.95
-113.39,208.03,-260.76
-115.88,205.19,-267.33
-117.41,202.13,-273.65
-119.33,199.28,-279.13
-122.01,195.98,-285.01
-124.88,192.48,-290.60
-126.99,188.87,-295.79
-128.33,185.07,-300.83
-129.67,180.97,-306.01
-130.25,176.58,-311.31
-131.59,172.50,-316.13
-134.65,167.84,-321.38
-137.91,162.41,-326.87
-140.97,156.99,-331.77
-143.08,151.87,-335.92
-145.00,147.38,-339.30
-147.49,142.43,-342.76
-149.98,136.39,-346.61
-151.51,130.56,-349.98
-151.70,124.76,-353.13
-153.42,118.21,-356.66
-154.57,111.43,-360.05
-156.49,105.85,-362.70
-159.74,100.05,-365.22
-163.00,93.86,-367.51
-166.07,87.95,-369.31
0.00,0.00,0.00
0.00,0.28,0.00
-1.92,3.37,0.00
-5.94,14.18,-0.36
-9.00,28.42,-1.84
-10.92,40.07,-3.69
-11.88,48.48,-5.31
-13.22,54.39,-6.55
-14.37,59.31,-7.71
-15.51,64.48,-9.03
-16.86,70.29,-10.65
-19.15,77.01,-12.68
-21.26,84.31,-15.22
-23.37,90.72,-17.71
-25.67,96.65,-20.27
-28.73,102.22,-22.95
-30.45,108.25,-26.26
-31.60,114.78,-30.10
-32.94,120.64,-33.70
-34.86,126.06,-37.22
-37.35,131.71,-41.15
-40.03,137.07,-45.24
-42.14,141.90,-49.30
-44.82,146.69,-53.64
-47.12,151.47,-58.39
-48.27,155.49,-62.71
-49.99,160.07,-67.84
-53.25,165.03,-73.76
-55.93,169.57,-79.83
-58.04,173.42,-85.53
-59.19,176.69,-90.77
-60.14,179.79,-95.96
-63.02,183.21,-101.92
-65.70,186.14,-107.68
-68.19,188.74,-113.44
-70.68,191.30,-119.83
-72.79,193.67,-126.58
-74.13,195.54,-132.62
-75.85,197.42,-139.24
-78.34,199.17,-146.18
-79.87,200.64,-153.33
-81.79,201.88,-160.24
-84.09,202.76,-166.35
-85.62,203.40,-172.50
-88.49,203.90,-179.08
-90.79,204.09,-186.10
-92.51,203.99,-192.98
-94.43,203.68,-199.99
-95.58,203.14,-206.99
-96.73,202.60,-212.58
-98.64,201.87,-218.71
-101.32,200.82,-225.66
-104.01,199.38,-232.81
-107.07,197.68,-239.63
-109.37,195.87,-245.53
-110.52,193.73,-251.62
-112.63,191.32,-258.07
-114.73,188.56,-264.68
-116.46,185.68,-270.93
-117.61,182.68,-276.96
-119.71,179.49,-283.06
-122.20,176.64,-288.06
-124.50,173.50,-293.05
-126.99,169.76,-298.48
-129.29,165.37,-304.32
-131.01,160.83,-309.86
-132.93,156.41,-314.94
-134.27,151.72,-319.98
-136.19,147.02,-324.81
-139.06,142.05,-329.57
-141.55,136.65,-334.26
-143.85,131.59,-338.28
-146.53,126.37,-342.09
-148.64,121.34,-345.42
-148.64,116.30,-348.49
-149.98,110.43,-352.07
-152.66,103.38,-356.14
-155.34,96.39,-359.76
-157.45,90.14,-362.63
-158.79,84.56,-364.94
-161.09,79.33,-366.97
-164.53,73.48,-368.98
-167.02,66.31,-370.96
-168.56,59.47,-372.54
-170.09,51.76,-374.10
0.00,0.00,0.00
-1.15,0.84,0.00
-4.60,5.62,-0.10
-6.90,16.81,-1.00
-6.32,29.22,-2.50
-5.94,40.10,-3.70
-7.66,47.78,-4.50
-10.92,52.10,-5.08
-13.22,55.68,-5.77
-14.56,60.74,-6.96
-16.47,67.53,-8.72
-18.00,75.34,-11.03
-19.15,82.82,-13.46
-20.30,89.72,-15.86
-22.79,95.38,-17.95
-24.52,99.91,-19.86
-26.62,105.66,-22.48
-29.50,112.31,-25.82
-31.99,119.28,-29.76
-34.29,125.71,-33.77
-35.82,131.04,-37.41
-36.97,135.83,-40.86
-39.07,140.87,-44.66
-42.14,146.33,-49.09
-44.63,151.43,-53.70
-46.54,156.02,-58.24
-49.23,160.66,-63.13
-50.95,164.78,-67.92
-52.29,169.12,-73.26
-54.78,173.50,-78.92
-57.08,177.71,-84.89
-59.19,181.30,-90.43
-60.34,184.60,-95.98
-61.48,187.52,-101.10
-64.55,190.47,-106.53
-68.19,193.55,-112.99
-70.87,196.26,-119.77
-73.17,198.66,-126.67
-75.08,200.69,-133.39
-75.85,202.21,-139.09
-76.23,203.72,-145.08
-77.96,205.35,-151.76
-80.45,206.91,-159.04
-83.13,208.07,-165.96
-86.19,208.88,-172.65
-88.11,209.29,-178.82
-90.79,209.50,-185.27
-92.71,209.40,-192.85
-94.24,209.08,-199.59
-95.58,208.61,-205.89
-96.92,208.00,-212.17
-98.64,207.13,-219.28
-99.98,206.19,-225.53
-103.43,205.11,-231.61
-106.69,203.52,-238.31
-108.79,201.54,-244.90
-110.90,199.32,-251.41
-112.05,197.02,-257.44
-113.58,194.59,-263.43
-115.50,191.67,-270.12
-117.80,188.53,-276.71
-120.10,185.52,-282.42
-122.39,182.28,-288.01
-124.69,178.67,-293.70
-125.65,175.39,-298.44
-127.95,171.96,-303.23
-130.06,167.72,-308.65
-132.55,162.76,-314.56
-135.42,157.72,-320.05
-137.33,152.72,-324.97
-139.06,148.28,-329.07
-141.17,143.30,-333.39
-143.46,137.83,-337.79
-145.57,132.53,-341.72
-146.72,127.43,-345.21
-148.44,121.92,-348.83
-149.78,115.81,-352.58
-151.89,109.87,-356.04
-154.38,103.55,-359.42
-157.06,97.22,-362.45
-159.94,91.14,-365.03
-161.66,85.21,-367.19
-163.00,78.95,-369.27
-165.11,72.37,-371.28
-168.36,64.90,-373.27
-0.19,-0.14,0.00
-0.96,0.42,-0.00
-4.41,6.04,-0.10
-7.47,17.24,-0.96
-8.04,28.79,-2.47
-7.28,38.52,-3.85
-7.66,45.49,-4.74
-9.19,50.22,-5.37
-13.02,54.38,-6.05
-15.90,58.89,-7.09
-16.28,65.64,-9.02
-15.90,74.81,-11.69
-16.28,83.72,-14.23
-18.00,91.67,-16.55
-21.45,98.08,-18.64
-24.90,103.31,-20.69
-26.62,107.51,-22.64
-28.73,113.16,-25.47
-31.60,119.44,-28.91
-33.71,126.73,-33.40
-36.01,133.04,-37.61
-37.54,138.26,-41.41
-40.03,142.83,-44.92
-42.91,147.88,-49.16
-44.63,153.13,-54.04
-46.35,157.62,-58.47
-48.84,161.98,-63.05
-51.72,166.70,-68.44
-53.63,170.52,-73.29
-55.74,174.77,-79.05
-57.65,178.72,-84.85
-58.80,182.63,-91.02
-60.72,186.12,-96.79
-62.25,189.14,-102.18
-63.97,191.69,-107.02
-66.85,194.59,-112.95
-70.10,197.62,-120.05
-73.17,200.01,-126.65
-75.28,202.00,-133.24
-76.62,203.90,-140.44
-76.81,205.42,-146.86
-78.34,206.96,-153.42
-80.64,208.44,-160.57
-83.13,209.65,-167.91
-86.38,210.50,-175.02
-88.68,210.88,-180.91
-90.60,211.02,-187.08
-92.90,210.95,-193.82
-94.81,210.56,-201.39
-96.15,210.01,-207.97
-97.30,209.29,-214.67
-98.83,208.47,-221.08
-100.56,207.50,-227.32
-102.47,206.31,-233.67
-105.54,204.86,-240.25
-108.60,202.98,-247.01
-111.67,200.83,-253.40
-113.20,198.34,-259.66
-114.16,195.85,-265.47
-115.88,193.03,-271.75
-118.18,189.85,-278.32
-120.67,186.73,-284.13
-122.59,183.29,-289.93
-124.88,179.81,-295.37
-127.18,176.28,-300.44
-128.33,172.72,-305.14
-130.06,168.62,-310.31
-132.74,163.92,-315.90
-135.42,158.78,-321.47
-137.53,153.68,-326.50
-138.87,148.81,-330.95
-141.17,144.16,-335.02
-143.66,138.80,-339.33
-146.53,133.48,-343.24
-148.25,127.98,-346.88
-149.59,122.61,-350.21
-151.13,117.04,-353.48
-151.89,111.13,-356.73
-153.81,104.45,-360.30
-156.68,97.77,-363.59
-159.36,91.58,-366.26
-161.28,85.27,-368.63
-163.00,79.29,-370.66
-165.30,73.65,-372.38
-167.98,67.13,-374.09
0.00,0.00,0.00
-1.53,1.12,0.00
-5.75,6.18,-0.14
-9.19,16.79,-1.20
-11.11,29.54,-3.27
-11.49,39.46,-5.22
-12.45,47.31,-6.81
-13.60,53.89,-8.26
-15.32,58.94,-9.48
-17.24,64.63,-11.04
-19.54,71.60,-13.21
-21.07,78.21,-15.55
-22.79,84.90,-18.13
-23.75,90.46,-20.47
-24.52,95.86,-22.84
-26.82,101.48,-25.41
-29.11,108.00,-28.70
-30.65,114.87,-32.53
-32.56,121.39,-36.39
-34.86,127.54,-40.32
-36.20,132.27,-43.61
-38.12,137.02,-47.09
-41.18,141.89,-50.91
-44.05,146.85,-55.25
-46.16,152.20,-60.43
-48.08,156.87,-65.29
-49.23,161.18,-70.09
-51.33,165.68,-75.30
-54.21,170.50,-81.33
-56.50,174.77,-87.25
-58.99,178.10,-92.29
-60.91,181.29,-97.58
-62.25,184.22,-102.86
-63.40,186.84,-107.83
-65.12,189.92,-113.98
-68.57,193.22,-121.12
-71.64,196.10,-128.43
-74.13,198.26,-134.96
-76.04,199.95,-140.91
-77.19,201.58,-147.45
-78.91,203.11,-154.16
-81.02,204.43,-160.91
-83.32,205.39,-167.01
-85.62,206.18,-173.70
-87.73,206.68,-180.28
-88.87,206.93,-186.46
-90.79,207.06,-193.48
-93.28,206.96,-200.92
-95.20,206.54,-208.21
-97.49,205.93,-214.92
-99.03,205.16,-220.76
-100.37,204.22,-226.73
-103.24,202.98,-233.49
-105.92,201.37,-240.33
-107.65,199.56,-246.67
-109.56,197.43,-253.36
-111.48,195.08,-259.98
-112.63,192.82,-265.73
-114.35,190.28,-271.82
-117.03,187.39,-278.21
-120.10,184.32,-284.22
-123.35,181.16,-289.68
-125.27,177.91,-294.61
-125.65,174.18,-299.88
-127.37,170.01,-305.70
-129.29,165.41,-311.73
-131.01,161.05,-317.05
-133.12,156.54,-322.24
-135.99,152.03,-327.06
-137.91,148.19,-330.77
-140.21,143.60,-334.91
-143.27,138.21,-339.40
-145.57,132.13,-343.94
-148.06,126.23,-347.98
-148.83,120.51,-351.55
-148.83,114.98,-354.89
-150.74,108.97,-358.53
-153.42,102.36,-362.23
-156.30,95.96,-365.44
-158.79,90.43,-367.86
-161.85,84.93,-370.00
-163.58,79.46,-371.79
-164.72,73.26,-373.62
-166.64,66.22,-375.54
-168.75,58.71,-377.32
