0.00,0.00,0.00
0.00,0.00,0.00
0.00,0.00,0.00
0.77,0.43,0.00
2.32,4.68,0.06
1.74,15.32,0.49
0.77,25.39,0.80
-0.19,33.76,0.91
-0.77,42.70,0.88
-1.36,51.93,0.75
-1.74,61.29,0.53
-2.32,69.94,0.27
-2.52,80.58,-0.16
-2.52,90.22,-0.59
-1.94,99.15,-0.98
-1.74,107.24,-1.25
-1.74,115.46,-1.50
-2.13,124.26,-1.77
-1.94,132.63,-2.08
-2.32,141.42,-2.38
-2.71,149.08,-2.69
-3.68,156.87,-3.06
-4.65,165.23,-3.60
-5.61,174.71,-4.37
-7.16,183.74,-5.25
-8.91,192.90,-6.40
-10.65,202.29,-7.88
-12.39,211.91,-9.69
-14.52,219.82,-11.42
-16.65,228.47,-13.66
-19.17,238.12,-16.55
-22.07,247.11,-19.67
-25.56,254.73,-22.76
-28.07,262.54,-26.50
-30.98,271.43,-31.24
-34.07,278.98,-35.77
-37.36,285.68,-40.30
-40.66,292.11,-45.21
-43.75,297.71,-50.02
-46.66,304.06,-56.10
-49.17,310.59,-63.02
-51.88,316.90,-70.32
-54.79,322.42,-77.36
-57.69,327.41,-84.43
-60.40,332.26,-92.11
-63.11,336.75,-100.00
-65.24,340.53,-107.47
-67.37,344.16,-115.33
-70.08,348.31,-125.29
-73.57,351.89,-135.16
-77.05,354.38,-143.60
-80.54,356.09,-151.07
-83.64,357.40,-158.91
-86.93,358.33,-167.23
-90.22,358.78,-175.73
-92.73,358.75,-184.11
-95.25,358.28,-193.89
-97.96,357.45,-202.93
-100.48,356.21,-211.79
-103.38,354.69,-220.02
-106.29,352.75,-228.17
-108.42,350.41,-236.20
-111.32,347.67,-244.42
-114.03,344.57,-252.35
-116.93,340.93,-260.51
-119.45,336.76,-268.74
-121.97,332.50,-276.28
-124.87,327.92,-283.62
-127.58,322.56,-291.30
-130.49,316.59,-299.06
-132.62,310.60,-306.08
-134.94,304.06,-313.18
-137.26,296.85,-320.42
-139.97,289.55,-327.16
-143.26,282.92,-332.72
-146.17,276.21,-337.73
-150.23,272.09,-340.50
-151.01,271.59,-340.78
-157.01,267.74,-342.91
-162.04,264.35,-344.35
-167.27,260.43,-345.62
-169.21,252.68,-347.37
-170.95,242.78,-349.26
-172.50,234.09,-350.64
-173.66,225.65,-351.76
***********
0.00,0.00,0.00
0.00,0.00,0.00
0.00,0.00,0.00
0.00,0.00,0.00
0.97,1.56,0.00
1.74,8.09,0.11
1.94,15.61,0.34
1.94,24.12,0.63
0.77,32.91,0.92
-0.00,39.44,1.01
-0.19,48.95,1.01
-0.39,59.02,0.98
-1.74,68.25,0.92
-2.32,77.47,0.64
-3.10,86.26,0.28
-3.68,94.90,-0.19
-4.65,104.11,-0.78
-5.81,112.60,-1.47
-6.20,121.07,-2.33
-6.78,130.52,-3.36
-8.32,140.10,-4.50
-9.49,149.93,-5.94
-11.23,159.59,-7.55
-13.16,168.50,-9.32
-15.49,177.34,-11.39
-18.00,185.96,-13.77
-19.94,194.33,-16.49
-22.07,203.27,-19.74
-24.59,212.34,-23.42
-27.49,220.47,-27.14
-30.78,227.90,-31.00
-33.69,235.09,-35.29
-36.20,243.48,-40.88
-38.53,250.80,-46.24
-41.24,257.02,-51.19
-43.37,263.32,-56.71
-45.88,270.23,-63.24
-48.40,277.25,-70.47
-51.50,283.09,-77.05
-54.01,288.48,-83.83
-56.34,293.98,-91.41
-59.05,299.49,-99.67
-61.76,304.30,-107.71
-64.66,308.67,-115.83
-67.95,312.25,-123.40
-69.89,315.55,-131.56
-72.41,319.21,-141.55
-75.31,322.17,-150.89
-78.80,324.41,-159.40
-82.09,326.14,-168.17
-85.38,327.33,-176.74
-88.28,328.03,-185.37
-91.19,328.29,-194.02
-94.28,328.12,-202.54
-96.80,327.49,-210.89
-99.51,326.38,-220.19
-102.41,324.86,-229.28
-105.71,323.06,-237.46
-108.22,320.94,-244.98
-110.74,318.06,-253.74
-113.45,314.74,-262.50
-115.97,311.52,-269.92
-118.29,307.73,-277.70
-120.81,303.63,-285.32
-122.94,298.61,-293.74
-125.84,293.29,-301.95
-128.74,287.72,-309.66
-131.65,281.77,-317.08
-133.97,275.74,-323.86
-136.68,269.04,-330.81
-139.01,262.01,-337.43
-139.59,259.12,-339.94
-139.39,259.23,-339.85
-139.39,259.23,-339.85
-139.39,259.23,-339.85
-139.39,259.23,-339.85
-139.39,259.23,-339.85
-139.39,259.23,-339.85
-139.39,259.23,-339.85
-139.39,259.23,-339.85
-139.39,259.23,-339.85
-139.39,259.23,-339.85
-139.39,259.23,-339.85
-139.39,259.23,-339.85
-139.59,258.37,-340.59
***********
0.00,0.00,0.00
0.00,0.00,0.00
0.00,0.00,0.00
0.00,0.00,0.00
0.19,0.14,0.00
0.19,1.28,0.00
0.77,10.22,0.03
0.58,20.86,0.18
-0.19,29.09,0.26
0.58,37.32,0.23
0.39,47.40,0.34
-0.19,56.91,0.40
-0.77,65.00,0.37
-1.36,74.50,0.24
-2.13,83.30,0.04
-3.48,91.67,-0.28
-4.65,99.32,-0.74
-5.03,108.09,-1.45
-5.81,116.85,-2.23
-7.74,125.32,-3.09
-9.68,135.17,-4.43
-11.23,145.24,-6.14
-12.58,153.73,-7.83
-14.13,162.59,-9.81
-16.07,172.50,-12.30
-18.59,181.64,-14.94
-20.72,189.58,-17.60
-22.84,198.20,-20.87
-25.75,207.49,-24.78
-29.04,215.80,-28.79
-31.94,222.87,-32.71
-34.27,230.34,-37.37
-37.17,237.26,-42.08
-40.27,244.04,-47.23
-42.79,250.86,-53.01
-44.92,257.43,-59.08
-47.04,263.96,-65.59
-49.56,270.53,-72.66
-52.85,276.52,-79.68
-55.95,281.83,-86.69
-58.85,286.68,-93.86
-61.57,290.79,-100.67
-64.28,295.25,-108.90
-66.99,299.31,-117.34
-69.50,302.92,-125.83
-71.63,306.25,-134.74
-74.54,309.34,-144.03
-77.83,311.87,-153.19
-81.12,313.82,-162.21
-84.60,315.09,-170.34
-86.73,315.85,-178.40
-89.64,316.34,-187.04
-92.15,316.40,-196.55
-95.25,316.05,-205.91
-98.16,315.23,-214.81
-101.25,314.14,-222.40
-104.16,312.34,-231.44
-107.25,310.19,-239.98
-110.55,307.83,-247.57
-112.87,304.94,-255.27
-115.39,301.58,-263.25
-118.48,298.17,-270.43
-121.39,294.18,-277.79
-123.90,289.82,-284.94
-125.65,284.36,-293.06
-127.78,278.48,-301.25
-130.68,272.49,-308.99
-133.39,266.38,-316.10
-136.29,260.43,-322.39
-138.62,253.87,-328.66
-140.75,246.95,-334.76
-143.26,239.14,-341.14
-146.56,231.30,-346.99
-149.65,223.95,-351.84
-153.33,219.91,-354.21
-155.27,218.64,-354.85
-161.46,214.52,-356.75
-164.37,208.20,-358.87
-165.92,199.72,-361.24
-168.05,192.43,-363.07
-169.79,184.10,-364.83
-171.34,175.16,-366.44
-172.50,166.74,-367.72
-173.85,158.44,-368.82
-175.79,149.41,-369.79
***********
0.00,0.00,0.00
0.00,0.00,0.00
0.00,0.00,0.00
0.19,0.14,0.00
2.52,2.13,0.01
3.10,8.51,0.29
4.07,15.74,0.68
8.71,19.13,0.92
8.71,28.11,2.30
7.94,41.30,4.32
4.65,50.43,5.59
4.07,57.65,6.18
3.10,66.00,6.77
1.55,75.92,7.31
0.19,85.14,7.56
-0.39,93.51,7.58
-1.94,102.88,7.52
-3.48,111.39,7.23
-4.65,120.46,6.68
-5.42,129.23,5.97
-6.39,138.41,5.10
-7.74,147.01,4.13
-9.68,155.45,2.99
-11.23,165.24,1.32
-12.58,174.85,-0.59
-14.13,184.27,-2.69
-16.65,193.49,-5.02
-18.97,201.64,-7.45
-20.72,209.56,-10.18
-22.84,218.46,-13.54
-25.56,227.61,-17.40
-28.27,235.81,-21.32
-31.17,243.43,-25.41
-33.49,251.44,-30.26
-36.01,259.61,-35.67
-38.53,266.84,-40.92
-41.62,272.84,-45.70
-44.14,278.89,-51.07
-46.46,285.40,-57.39
-48.79,292.44,-64.80
-51.50,298.61,-71.85
-54.21,303.91,-78.51
-56.92,309.39,-86.11
-60.21,314.27,-93.60
-63.31,318.50,-100.99
-66.02,322.45,-108.85
-67.95,326.15,-117.15
-69.50,329.56,-125.57
-72.02,333.48,-136.07
-75.12,336.81,-146.33
-78.21,339.14,-155.11
-81.89,340.80,-163.03
-85.18,341.94,-171.03
-87.89,342.68,-179.80
-90.80,343.00,-188.74
-93.90,342.88,-197.82
-96.41,342.29,-206.46
-99.32,341.23,-215.91
-102.80,339.80,-224.59
-106.09,338.01,-232.48
-108.80,335.81,-240.11
-110.93,333.02,-248.31
-113.26,329.57,-257.32
-115.97,325.98,-265.66
-118.87,321.82,-274.21
-121.97,318.12,-280.92
-124.29,313.76,-287.91
-127.00,308.32,-295.88
-129.71,302.52,-303.59
-132.42,296.35,-311.01
-135.33,289.94,-318.03
-137.46,282.97,-324.91
-139.97,275.97,-331.34
-143.07,269.01,-337.18
-145.78,261.75,-342.64
-148.69,254.36,-347.67
-152.94,247.81,-351.65
-155.65,246.04,-352.56
-157.01,242.81,-354.02
-159.33,235.23,-357.23
-161.66,227.80,-360.04
-164.17,220.66,-362.41
-166.50,212.46,-364.73
-168.63,204.05,-366.75
-170.56,195.70,-368.43
***********
0.00,0.00,0.00
0.00,0.00,0.00
0.00,0.00,0.00
0.00,0.00,0.00
0.00,0.00,0.00
0.97,0.99,0.00
1.94,7.66,0.11
1.55,18.73,0.49
0.39,28.09,0.74
-0.77,36.60,0.80
-1.36,45.83,0.67
-1.74,53.49,0.49
-2.13,63.42,0.19
-2.52,73.63,-0.19
-2.90,82.42,-0.58
-3.68,91.77,-1.05
-3.68,100.27,-1.60
-4.07,108.63,-2.13
-5.03,116.98,-2.73
-5.42,125.74,-3.50
-6.58,133.66,-4.25
-7.36,141.55,-5.16
-7.94,150.70,-6.34
-9.10,161.10,-7.79
-10.45,171.05,-9.39
-11.62,179.70,-10.98
-13.55,188.60,-12.81
-15.49,197.71,-15.01
-17.81,205.91,-17.28
-20.13,214.56,-20.06
-22.84,223.89,-23.48
-25.36,232.39,-27.06
-28.65,240.21,-30.77
-31.75,247.18,-34.58
-34.85,254.18,-38.91
-37.56,261.40,-43.94
-40.08,268.49,-49.39
-42.59,275.33,-55.14
-45.30,281.81,-61.10
-47.24,288.60,-67.96
-50.14,294.86,-74.73
-52.47,300.50,-81.49
-55.18,306.38,-89.14
-58.47,311.48,-96.48
-61.37,315.86,-103.61
-64.28,320.15,-111.46
-67.18,324.03,-119.52
-69.31,327.50,-127.76
-72.21,330.86,-136.65
-75.50,333.85,-145.98
-78.60,336.05,-154.50
-81.70,337.79,-163.12
-84.80,338.98,-171.27
-87.51,339.72,-179.46
-90.22,340.13,-188.82
-92.73,340.09,-198.33
-95.45,339.65,-207.69
-99.12,338.85,-216.02
-102.03,337.61,-223.73
-104.74,335.78,-232.33
-107.64,333.43,-241.25
-110.35,330.60,-250.18
-113.06,327.63,-258.16
-116.16,324.74,-264.95
-119.06,321.18,-272.21
-122.16,316.76,-280.15
-124.49,312.08,-287.60
-126.81,306.86,-295.21
-129.13,300.91,-303.16
-132.04,294.37,-311.19
-134.75,288.10,-318.15
-137.07,282.10,-324.20
-139.01,275.45,-330.39
-141.52,267.63,-337.18
-145.01,260.08,-343.19
-148.30,252.99,-348.15
-152.36,247.07,-351.81
-155.65,244.93,-352.92
-158.75,241.05,-354.68
-161.08,235.10,-356.99
-163.79,228.12,-359.39
-166.69,220.35,-361.65
-168.82,212.48,-363.51
-170.76,204.68,-365.05
-171.72,196.14,-366.44
***********
