0.00,0.00,0.00
-3.29,2.70,0.00
-5.81,9.07,-0.37
-4.07,17.68,-1.24
-3.48,26.89,-1.90
-3.87,35.67,-2.43
-3.29,44.31,-3.02
-3.87,52.66,-3.50
-5.81,60.59,-4.03
-6.97,69.35,-4.92
-8.13,78.36,-6.03
-10.45,87.35,-7.31
-12.20,95.59,-8.83
-15.29,103.91,-10.63
-17.81,112.54,-12.99
-19.75,120.37,-15.51
-22.07,128.39,-18.38
-24.20,136.28,-21.58
-26.33,143.66,-24.90
-30.01,150.91,-28.49
-31.75,157.67,-32.39
-34.27,164.79,-36.80
-36.78,171.70,-41.51
-39.30,178.87,-46.86
-42.20,185.78,-52.53
-45.11,192.20,-58.34
-48.01,198.31,-64.48
-50.14,204.10,-70.91
-52.47,208.83,-76.57
-55.18,214.01,-83.33
-58.08,218.96,-90.43
-60.40,223.61,-97.90
-62.53,227.75,-105.18
-65.63,231.94,-113.24
-68.53,235.51,-121.13
-70.86,238.52,-128.79
-73.96,241.22,-136.56
-75.89,243.49,-144.47
-78.99,245.50,-152.46
-81.70,247.18,-161.09
-84.60,248.43,-169.66
-86.73,249.24,-178.28
-89.44,249.73,-186.78
-92.54,249.81,-195.58
-95.25,249.44,-204.08
-97.96,248.63,-212.85
-100.87,247.43,-221.42
-103.38,245.91,-229.36
-105.32,243.87,-237.92
-107.64,241.55,-246.41
-111.32,238.92,-254.66
-114.03,235.83,-262.59
-116.74,232.36,-270.37
-119.45,228.40,-278.23
-121.77,224.07,-285.89
-124.87,219.44,-293.37
-127.00,214.65,-300.24
-129.91,209.61,-306.93
-132.62,203.97,-313.67
-135.33,198.40,-319.73
-137.65,192.34,-325.72
-140.36,186.47,-331.07
-143.26,179.80,-336.60
-145.59,172.98,-341.69
-148.69,165.72,-346.66
-151.59,158.32,-351.16
-152.94,151.21,-355.01
-156.04,143.37,-359.01
-158.75,135.07,-362.70
-161.46,126.61,-365.99
-163.98,118.13,-368.83
-167.66,109.54,-371.30
-170.56,100.52,-373.27
-172.50,91.56,-374.76
-175.21,83.12,-375.87
-175.79,74.50,-376.60
-178.69,67.56,-377.11
-179.08,62.74,-377.22
-176.37,58.76,-377.28
178.98,52.82,-377.66
-179.27,44.44,-377.51
-179.47,35.79,-377.62
179.76,27.84,-377.69
179.37,20.18,-377.66
178.98,11.09,-377.56
***********
0.00,0.00,0.00
-3.48,2.55,0.00
-10.84,7.94,-0.33
-12.39,14.35,-1.56
-7.55,21.70,-3.17
-10.65,30.14,-4.29
-10.84,38.92,-5.94
-10.45,47.29,-7.54
-12.78,55.66,-9.09
-14.33,64.24,-11.03
-15.49,72.77,-13.21
-18.20,81.52,-15.64
-19.94,89.47,-18.25
-22.26,97.21,-21.06
-24.97,105.35,-24.39
-26.72,112.69,-27.81
-29.23,120.17,-31.57
-31.75,126.98,-35.38
-34.27,134.58,-40.09
-37.56,142.20,-45.28
-39.69,149.07,-50.56
-42.20,155.73,-56.09
-44.53,161.82,-61.62
-47.82,167.79,-67.49
-49.95,173.42,-73.69
-52.66,178.90,-80.21
-55.18,184.15,-87.09
-58.08,189.01,-94.08
-60.98,193.74,-101.67
-63.31,197.94,-109.24
-66.02,201.63,-116.60
-69.12,205.09,-124.38
-72.02,207.98,-131.94
-74.15,210.65,-140.17
-76.86,213.05,-148.63
-79.57,215.12,-157.48
-82.28,216.61,-165.57
-84.99,217.79,-174.29
-88.86,218.55,-182.92
-90.41,218.71,-191.43
-93.51,218.65,-200.23
-95.45,218.11,-209.01
-98.74,217.32,-217.35
-102.03,216.00,-225.90
-103.96,214.23,-234.23
-106.29,212.17,-242.49
-108.80,209.75,-250.80
-112.29,206.91,-259.13
-114.81,203.52,-267.41
-117.90,199.95,-275.14
-120.81,195.76,-283.04
-123.13,191.55,-290.11
-125.84,186.89,-297.24
-127.97,181.83,-304.25
-130.87,176.59,-310.97
-133.20,171.20,-317.19
-136.10,165.47,-323.30
-139.78,159.03,-329.49
-141.72,152.31,-335.18
-144.23,145.96,-340.19
-146.94,139.05,-345.17
-149.65,132.15,-349.66
-152.36,124.56,-354.10
-155.07,116.76,-358.18
-157.01,108.27,-362.13
-159.53,100.04,-365.62
-163.59,91.40,-368.85
-165.92,82.68,-371.41
-168.63,74.15,-373.55
-169.98,70.95,-374.20
-169.98,70.95,-374.20
-169.98,70.95,-374.20
-169.98,70.95,-374.20
-169.98,70.95,-374.20
-169.98,70.95,-374.20
-169.98,70.95,-374.20
-169.98,70.95,-374.20
-169.98,70.95,-374.20
-169.98,70.95,-374.20
-169.98,70.95,-374.20
-169.98,70.95,-374.20
-169.98,71.23,-374.15
-169.98,71.23,-374.15
-176.18,66.76,-374.94
176.85,57.13,-375.58
***********
0.00,0.00,0.00
-4.45,3.26,0.00
-11.42,9.21,-0.46
-12.39,17.41,-2.12
-10.65,25.87,-3.98
-11.81,34.52,-5.60
-12.20,43.41,-7.46
-12.78,51.87,-9.29
-14.71,60.45,-11.24
-16.65,68.96,-13.47
-18.00,76.98,-15.87
-20.72,85.35,-18.59
-22.65,93.31,-21.60
-24.97,101.43,-24.99
-27.10,108.77,-28.41
-29.62,115.97,-32.09
-32.52,123.00,-36.09
-33.88,129.82,-40.44
-36.98,137.36,-45.50
-39.69,144.39,-50.80
-42.20,150.62,-55.96
-45.11,157.03,-61.78
-47.24,163.14,-67.91
-49.95,169.11,-74.37
-52.66,174.23,-80.45
-55.56,179.48,-87.34
-58.47,184.69,-94.95
-60.60,189.22,-102.32
-63.50,193.47,-109.87
-65.82,197.14,-117.23
-68.53,200.51,-124.74
-71.05,203.58,-132.53
-73.76,206.43,-140.86
-76.28,208.86,-149.17
-79.38,210.81,-157.16
-81.89,212.46,-165.95
-84.41,213.68,-174.52
-87.70,214.49,-182.85
-89.83,214.85,-191.65
-92.54,214.87,-199.59
-95.64,214.49,-208.10
-98.54,213.61,-217.00
-101.83,212.29,-225.84
-104.35,210.57,-234.03
-106.67,208.46,-242.28
-109.77,205.93,-250.71
-112.09,203.05,-258.73
-114.81,199.74,-266.88
-117.13,196.17,-274.61
-120.61,192.42,-281.93
-123.13,187.86,-289.63
-125.84,183.21,-296.76
-128.16,178.22,-303.66
-130.49,173.31,-309.91
-133.78,167.69,-316.49
-136.29,161.70,-322.74
-138.81,155.45,-328.73
-141.91,148.82,-334.52
-144.04,142.46,-339.51
-146.56,135.91,-344.26
-149.65,128.80,-348.95
-151.59,121.70,-353.11
-154.30,114.21,-357.16
-156.62,106.28,-360.98
-160.11,97.69,-364.70
-162.43,89.15,-367.79
-165.14,80.76,-370.44
-168.05,72.11,-372.74
-170.56,63.92,-374.47
-171.92,55.10,-375.94
-173.66,46.25,-377.19
-176.18,37.37,-378.18
-178.89,30.00,-378.67
-178.89,24.89,-378.77
-176.76,19.08,-378.88
179.56,11.28,-379.33
178.79,3.05,-379.26
179.37,-5.32,-379.09
178.79,-13.97,-378.99
178.60,-21.92,-378.82
178.02,-30.29,-378.62
177.63,-39.08,-378.31
178.21,-48.30,-377.93
177.24,-57.52,-377.64
177.43,-66.45,-377.21
***********
0.00,0.00,0.00
-3.68,2.70,0.00
-11.04,8.93,-0.40
-8.52,15.47,-1.68
-6.97,21.65,-2.60
-8.32,27.71,-3.34
-6.00,34.45,-4.33
-9.10,42.92,-5.22
-8.71,51.60,-6.61
-9.87,60.58,-7.99
-11.23,69.11,-9.47
-13.55,77.18,-11.07
-16.46,85.88,-13.17
-18.00,94.31,-15.66
-20.33,102.68,-18.38
-22.65,110.67,-21.34
-25.36,118.39,-24.56
-27.68,126.09,-28.21
-29.81,133.50,-32.10
-32.33,140.28,-35.98
-34.46,146.63,-40.00
-37.17,153.89,-44.98
-39.49,161.35,-50.64
-42.20,168.14,-56.24
-45.30,174.45,-61.96
-47.24,180.24,-67.81
-50.14,185.92,-73.96
-53.24,191.01,-80.06
-55.18,196.11,-86.88
-57.89,200.97,-93.87
-60.21,205.65,-101.32
-63.50,210.09,-109.08
-66.02,214.08,-117.08
-68.53,217.48,-124.73
-71.25,220.60,-132.66
-73.96,223.16,-140.18
-76.67,225.51,-148.37
-79.38,227.47,-156.65
-81.70,229.15,-165.58
-84.60,230.36,-173.86
-87.12,231.14,-182.20
-90.02,231.59,-191.13
-92.15,231.59,-199.79
-95.06,231.26,-208.44
-98.74,230.48,-217.34
-100.87,229.20,-225.62
-103.58,227.55,-234.26
-106.09,225.45,-242.95
-108.61,223.13,-251.00
-110.74,220.36,-259.20
-114.22,217.35,-267.16
-117.32,213.74,-275.19
-119.45,209.89,-282.63
-121.97,205.36,-290.66
-124.49,200.93,-297.76
-127.39,196.18,-304.66
-130.29,191.10,-311.32
-132.62,185.59,-317.81
-134.75,180.12,-323.76
-137.65,174.22,-329.71
-141.13,167.72,-335.64
-143.07,160.87,-341.16
-145.97,153.95,-346.36
-149.46,146.89,-351.13
-151.40,140.05,-355.16
-154.11,132.57,-359.24
-156.24,124.53,-363.15
-158.95,116.21,-366.81
-161.27,107.74,-370.07
-165.33,99.27,-372.94
-168.63,90.35,-375.28
-170.37,81.86,-376.98
-172.50,73.05,-378.48
-173.66,64.60,-379.59
-176.56,56.00,-380.55
-178.89,47.78,-381.04
-179.27,41.82,-381.16
-176.95,37.00,-381.22
179.18,30.20,-381.58
-179.66,22.25,-381.46
179.56,14.02,-381.51
178.40,5.22,-381.45
178.79,-3.29,-381.21
178.79,-12.09,-381.02
177.63,-20.89,-380.84
***********
0.00,0.00,0.00
-4.07,2.98,0.00
-6.58,8.50,-0.39
-4.07,15.13,-1.16
-5.23,24.19,-1.80
-4.26,32.38,-2.55
-4.84,41.02,-3.19
-6.39,49.50,-3.91
-7.74,58.67,-4.94
-8.91,67.39,-6.12
-11.42,75.94,-7.46
-12.97,84.01,-9.09
-15.10,92.44,-11.04
-17.42,101.21,-13.40
-19.55,109.20,-15.91
-22.46,117.09,-18.71
-24.59,124.83,-21.91
-27.49,132.44,-25.40
-29.43,139.75,-29.20
-31.36,146.67,-33.10
-34.27,153.82,-37.46
-37.17,161.21,-42.49
-39.88,167.99,-47.64
-42.79,174.42,-53.01
-44.72,180.87,-58.98
-47.43,186.72,-64.77
-50.14,192.29,-70.84
-53.24,197.75,-77.37
-55.76,203.10,-84.54
-58.85,208.05,-91.81
-61.57,212.60,-99.34
-62.92,216.45,-106.45
-66.41,220.20,-113.78
-69.31,223.55,-121.46
-72.41,226.66,-129.69
-74.54,229.19,-137.67
-77.44,231.50,-146.01
-80.54,233.47,-154.88
-82.67,234.90,-163.42
-85.38,235.98,-171.86
-88.48,236.67,-180.35
-90.80,236.89,-188.58
-93.51,236.77,-197.09
-95.64,236.21,-206.30
-98.93,235.33,-215.20
-101.83,234.03,-223.47
-105.13,232.25,-231.94
-107.25,229.92,-240.57
-109.77,227.44,-248.57
-112.68,224.41,-256.98
-114.61,221.24,-264.58
-117.71,217.69,-272.32
-120.23,213.53,-280.23
-123.52,209.03,-287.96
-126.03,204.41,-294.94
-128.16,199.48,-301.71
-131.45,194.31,-308.29
-133.20,188.58,-314.78
-136.29,182.75,-320.99
-139.20,176.29,-327.17
-141.33,170.16,-332.45
-144.43,163.74,-337.60
-146.75,156.81,-342.55
-149.27,149.57,-347.30
-151.40,142.38,-351.58
-155.07,134.77,-355.72
-157.98,126.15,-359.73
-159.72,117.60,-363.19
-163.40,108.95,-366.38
-165.92,100.92,-368.78
-168.24,92.39,-370.92
-171.14,83.64,-372.74
-171.92,74.94,-374.09
-174.63,66.23,-375.33
-176.76,57.89,-376.11
-178.69,51.09,-376.50
-175.21,45.70,-376.62
-179.66,39.34,-377.16
179.76,31.53,-377.20
-179.66,22.88,-377.17
179.95,14.36,-377.22
179.95,6.70,-377.21
179.56,-2.10,-377.20
178.60,-11.04,-377.13
178.40,-20.26,-376.91
***********
