0.00,0.00,0.00
0.00,0.00,0.00
0.00,0.00,0.00
0.00,0.00,0.00
0.19,1.28,0.00
0.39,9.37,0.03
0.58,20.01,0.10
0.58,31.08,0.21
-0.39,42.29,0.33
-0.77,53.36,0.25
-1.16,64.43,0.10
-2.71,75.49,-0.12
-2.71,83.72,-0.51
-3.29,88.68,-0.75
-3.68,98.88,-1.33
-4.07,109.93,-2.04
-5.03,120.83,-2.82
-5.81,131.57,-3.77
-6.78,142.16,-4.84
-6.78,153.15,-6.15
-6.58,164.00,-7.44
-6.39,174.01,-8.59
-6.00,184.45,-9.76
-6.00,195.18,-10.89
-5.81,206.04,-12.03
-5.42,216.77,-13.12
-4.84,227.65,-14.16
-3.68,238.40,-15.07
-3.48,249.02,-15.75
-3.48,259.50,-16.39
-3.29,267.58,-16.88
-3.29,272.11,-17.14
-3.48,281.89,-17.70
-3.29,292.80,-18.37
-3.68,303.56,-18.99
-3.48,314.47,-19.69
-3.48,325.52,-20.36
-3.48,336.42,-21.02
-3.48,347.19,-21.68
-3.68,358.38,-22.36
-3.48,369.57,-23.08
-3.29,380.19,-23.73
-2.13,390.96,-24.35
-0.97,402.31,-24.77
-0.19,410.82,-24.91
-0.58,415.36,-24.93
-0.19,425.58,-25.03
0.19,436.22,-25.07
0.00,446.87,-25.03
-0.19,457.23,-25.03
0.00,468.15,-25.07
-0.77,473.26,-25.07
-1.94,481.21,-25.17
-1.94,491.42,-25.52
-2.52,502.34,-25.89
-2.13,513.40,-26.38
-1.55,522.90,-26.73
-1.94,533.69,-27.02
-1.74,544.32,-27.38
-1.94,554.96,-27.70
-1.74,565.88,-28.07
-2.52,571.56,-28.25
-2.90,580.35,-28.63
-2.52,590.55,-29.15
-2.32,601.47,-29.63
-2.13,612.39,-30.07
-2.32,623.31,-30.48
-2.71,634.09,-30.92
-2.71,644.86,-31.43
-2.71,655.35,-31.92
-2.32,666.12,-32.43
-3.48,676.62,-32.86
-4.26,687.38,-33.51
-3.68,698.28,-34.32
-4.07,704.51,-34.73
-4.07,713.85,-35.39
-4.26,724.75,-36.16
-4.65,735.79,-36.99
-4.65,746.83,-37.88
-5.23,758.00,-38.79
-5.23,769.02,-39.80
-5.61,780.05,-40.81
-5.61,790.78,-41.86
-5.61,799.26,-42.70
-5.23,804.06,-43.17
0.00,0.00,0.00
0.00,0.00,0.00
0.00,1.28,0.00
0.58,8.23,0.00
0.58,18.45,0.10
0.77,29.09,0.21
0.39,40.16,0.36
0.58,45.98,0.40
0.39,55.20,0.49
0.19,65.85,0.57
-0.97,76.92,0.60
-1.74,87.98,0.42
-2.71,98.62,0.09
-3.29,109.25,-0.41
-4.26,120.16,-1.04
-5.61,130.78,-1.83
-6.00,141.23,-2.86
-6.00,151.96,-3.98
-6.00,162.68,-5.11
-6.20,168.47,-5.72
-6.39,177.36,-6.68
-5.81,187.65,-7.84
-5.81,198.10,-8.90
-6.20,208.83,-9.99
-6.58,219.55,-11.16
-6.58,230.27,-12.39
-6.39,240.56,-13.58
-5.23,251.28,-14.78
-4.07,262.02,-15.76
-3.29,272.78,-16.53
-3.29,283.55,-17.15
-2.90,294.03,-17.75
-3.10,304.38,-18.27
-1.74,314.72,-18.83
-1.36,325.65,-19.17
-1.36,336.14,-19.41
-0.97,346.93,-19.67
-0.77,351.33,-19.74
-0.77,355.30,-19.80
-0.77,365.80,-19.94
-0.97,376.73,-20.09
-1.16,387.65,-20.27
-0.97,398.29,-20.49
-1.36,409.36,-20.67
-0.97,420.43,-20.94
-1.16,431.07,-21.12
-1.16,441.85,-21.33
-0.97,452.78,-21.56
-1.16,463.71,-21.74
-0.77,469.66,-21.86
-0.39,479.03,-21.99
-0.97,489.39,-22.06
-1.36,499.89,-22.24
-1.36,510.67,-22.49
-0.77,521.31,-22.74
-1.36,531.39,-22.88
-1.74,541.89,-23.13
-0.77,552.53,-23.45
-0.58,556.64,-23.51
-1.36,560.90,-23.55
-1.94,570.97,-23.79
-2.71,581.47,-24.14
-3.10,592.24,-24.65
-4.07,602.87,-25.23
-4.84,613.35,-25.97
-4.65,624.23,-26.89
-4.65,634.70,-27.75
-4.65,645.17,-28.60
-4.07,655.78,-29.46
-4.07,666.54,-30.22
-4.07,676.73,-30.95
-4.26,687.91,-31.74
-4.26,698.38,-32.52
-4.45,708.72,-33.29
-4.45,719.47,-34.13
-4.07,730.50,-34.99
-4.45,741.26,-35.75
-3.87,752.16,-36.60
-3.87,763.49,-37.37
-3.68,774.67,-38.13
-3.68,785.72,-38.84
-3.29,796.76,-39.55
-3.48,807.67,-40.17
-3.29,818.58,-40.84
-3.10,826.66,-41.30
0.00,0.00,0.00
0.00,0.00,0.00
0.00,0.00,0.00
0.00,0.00,0.00
0.58,3.55,0.00
0.00,12.77,0.09
-0.77,22.42,0.09
-1.16,33.21,-0.05
-2.32,44.56,-0.28
-2.71,55.62,-0.73
-2.90,66.53,-1.25
-4.07,75.32,-1.69
-4.45,80.13,-2.04
-5.03,90.46,-2.84
-5.81,101.21,-3.79
-6.20,111.66,-4.85
-6.97,122.66,-6.04
-7.16,133.23,-7.34
-6.97,144.07,-8.70
-6.97,155.06,-10.04
-6.20,165.76,-11.35
-5.42,176.20,-12.48
-5.42,187.22,-13.53
-5.42,197.68,-14.52
-4.84,208.27,-15.53
-4.65,218.88,-16.42
-4.84,229.20,-17.26
-3.87,239.81,-18.16
-3.29,243.92,-18.44
-2.90,247.60,-18.65
-3.10,257.38,-19.15
-3.29,267.72,-19.71
-3.29,278.21,-20.31
-3.29,288.98,-20.93
-3.48,299.60,-21.54
-3.48,309.80,-22.16
-2.90,320.43,-22.81
-2.90,331.20,-23.36
-2.71,342.11,-23.91
-2.52,353.31,-24.44
-2.71,364.51,-24.93
-2.32,375.28,-25.44
-2.71,386.34,-25.89
-2.52,397.26,-26.41
-2.32,408.18,-26.89
-2.13,419.10,-27.33
-1.94,429.73,-27.73
-1.55,440.51,-28.09
-1.16,451.58,-28.39
-1.16,460.09,-28.56
-0.97,464.77,-28.66
-0.58,474.71,-28.82
-1.36,484.92,-28.93
-0.97,495.71,-29.18
-1.16,506.63,-29.37
-0.97,517.27,-29.58
-0.19,527.21,-29.75
-0.77,537.85,-29.79
-0.97,549.06,-29.94
-0.97,557.01,-30.07
-1.36,561.55,-30.15
-2.32,571.62,-30.39
-2.71,582.11,-30.81
-3.10,592.89,-31.32
-3.29,603.52,-31.90
-3.48,614.14,-32.51
-3.10,624.91,-33.17
-3.10,635.39,-33.73
-2.71,646.16,-34.32
-2.90,657.36,-34.85
-2.32,668.28,-35.40
-2.13,678.34,-35.81
-3.29,689.41,-36.22
-3.48,700.32,-36.85
-3.68,710.94,-37.49
-3.48,721.56,-38.18
-3.29,727.37,-38.53
-4.26,736.58,-39.06
-4.07,747.48,-39.87
-3.68,758.80,-40.68
-3.68,770.13,-41.40
-4.07,780.89,-42.10
-4.26,792.08,-42.89
-4.26,803.12,-43.71
-5.03,808.78,-44.14
0.00,0.00,0.00
0.00,0.00,0.00
0.00,0.00,0.00
0.58,0.99,0.00
1.74,8.66,0.08
1.36,19.72,0.41
1.16,29.79,0.65
1.16,40.58,0.87
0.19,52.07,1.10
-0.77,63.28,1.14
-1.36,73.64,1.00
-3.10,84.28,0.75
-4.26,95.33,0.15
-5.23,105.95,-0.64
-6.39,116.41,-1.60
-6.97,122.47,-2.27
-8.13,131.21,-3.34
-9.29,141.60,-4.83
-9.29,152.25,-6.57
-8.91,162.89,-8.31
-8.52,173.27,-9.94
-8.52,183.93,-11.53
-8.52,194.60,-13.13
-8.13,205.27,-14.73
-8.13,215.94,-16.25
-7.94,226.34,-17.74
-7.55,236.46,-19.15
-6.00,247.15,-20.57
-5.03,258.02,-21.71
-3.87,268.76,-22.66
-3.48,279.24,-23.37
-2.32,290.01,-24.02
-1.74,294.12,-24.19
-1.16,298.23,-24.31
-0.77,308.16,-24.52
-0.77,318.95,-24.66
-0.97,329.59,-24.81
-1.55,340.52,-24.99
-1.16,351.58,-25.29
-1.36,362.79,-25.52
-1.16,373.72,-25.77
-0.77,384.78,-26.00
-0.97,395.71,-26.15
-0.77,406.64,-26.33
-0.39,412.03,-26.40
-1.55,421.40,-26.47
-2.71,431.89,-26.75
-3.29,442.53,-27.25
-3.29,453.58,-27.89
-3.29,464.34,-28.51
-2.90,475.11,-29.13
-2.52,485.88,-29.68
-1.74,496.09,-30.12
-2.32,501.62,-30.29
-2.71,510.42,-30.65
-2.32,521.19,-31.16
-2.71,531.68,-31.58
-2.32,542.46,-32.09
-2.13,553.09,-32.53
-2.71,564.01,-32.93
-2.52,574.64,-33.44
-2.90,585.42,-33.91
-2.71,593.50,-34.32
-3.29,597.89,-34.53
-4.65,607.67,-35.09
-5.23,618.28,-35.95
-5.42,629.16,-36.95
-5.23,639.19,-37.90
-5.03,649.79,-38.87
-4.84,661.24,-39.88
-4.65,672.13,-40.80
-4.26,682.60,-41.65
-4.45,693.49,-42.46
-4.65,704.67,-43.33
-4.65,715.70,-44.23
-4.45,726.88,-45.14
-4.45,737.63,-45.97
-4.45,748.67,-46.83
-4.07,757.16,-47.49
-4.84,761.97,-47.84
-5.23,772.44,-48.72
-5.23,783.18,-49.71
-5.03,794.34,-50.73
-5.42,805.37,-51.70
-5.23,816.25,-52.73
0.00,0.00,0.00
0.00,0.00,0.00
0.00,1.42,0.00
-0.77,8.52,0.00
-1.55,18.45,-0.13
-1.55,28.95,-0.42
-1.94,40.58,-0.73
-2.90,48.95,-1.02
-2.32,53.34,-1.24
-2.71,62.98,-1.63
-3.10,73.76,-2.14
-3.87,84.81,-2.74
-4.84,96.00,-3.49
-5.42,106.60,-4.39
-6.39,117.20,-5.40
-7.55,127.92,-6.60
-7.16,138.89,-8.05
-6.78,149.59,-9.40
-6.00,160.30,-10.67
-6.00,171.03,-11.80
-6.00,181.76,-12.93
-6.00,189.66,-13.76
-5.61,194.18,-14.23
-4.84,204.34,-15.23
-4.45,214.81,-16.12
-4.65,225.42,-16.94
-4.65,235.89,-17.79
-4.26,246.92,-18.69
-3.68,257.82,-19.50
-3.48,268.44,-20.19
-3.68,278.78,-20.82
-3.10,289.69,-21.52
-2.71,300.46,-22.10
-2.52,311.37,-22.62
-2.32,322.01,-23.08
-2.52,332.92,-23.53
-2.32,344.12,-24.02
-2.13,355.33,-24.47
-0.97,366.10,-24.87
-0.97,377.17,-25.06
-0.97,381.15,-25.13
0.77,384.41,-25.18
0.19,394.20,-25.05
-0.39,404.84,-25.02
-1.16,415.63,-25.09
-1.94,426.13,-25.30
-1.94,437.19,-25.67
-1.74,448.40,-26.05
-1.94,458.75,-26.37
-1.74,469.39,-26.73
-1.74,480.17,-27.06
-1.36,490.38,-27.37
-1.16,500.74,-27.61
-0.58,511.67,-27.83
-0.19,522.17,-27.94
-0.19,532.95,-27.98
-0.19,536.93,-27.99
-0.00,540.48,-28.00
-0.39,549.84,-28.00
-1.36,560.49,-28.07
-2.32,570.84,-28.32
-3.29,581.76,-28.76
-4.26,592.67,-29.39
-4.65,603.14,-30.17
-4.45,614.03,-31.05
-4.65,624.65,-31.88
-5.03,635.11,-32.73
-4.84,645.43,-33.64
-4.84,656.61,-34.59
-4.45,667.35,-35.50
-4.26,677.96,-36.32
-4.26,688.72,-37.12
-4.07,699.62,-37.94
-4.26,710.52,-38.71
-3.87,721.56,-39.53
-4.26,732.32,-40.26
-4.07,743.50,-41.09
-4.07,754.82,-41.90
-3.68,766.15,-42.70
-3.87,774.22,-43.22
-4.45,779.18,-43.56
-4.65,789.50,-44.36
-5.03,800.54,-45.26
-5.03,811.56,-46.23
-4.26,822.31,-47.18
