0.00,0.00,0.00
-2.52,3.83,0.00
-6.58,12.48,-0.38
-5.42,22.07,-1.49
-3.29,31.25,-2.36
-3.29,40.60,-2.90
-2.32,50.66,-3.47
-2.32,60.59,-3.88
-2.13,70.37,-4.27
-1.94,80.16,-4.64
-2.52,89.94,-4.97
-2.90,100.15,-5.42
-2.90,110.36,-5.93
-2.32,120.42,-6.45
-2.71,130.35,-6.85
-2.32,139.98,-7.30
-1.55,149.91,-7.71
-2.32,159.56,-7.97
-1.36,169.34,-8.36
-1.36,179.27,-8.60
-1.55,189.06,-8.83
-2.13,198.85,-9.10
-1.74,209.06,-9.48
-1.55,219.13,-9.78
-1.94,228.78,-10.04
-1.55,238.57,-10.37
-1.16,248.78,-10.65
-1.74,259.14,-10.86
-1.55,269.21,-11.17
-1.74,279.28,-11.44
-1.55,289.35,-11.74
-1.74,299.99,-12.03
-1.94,310.35,-12.35
-1.55,320.56,-12.69
-1.16,330.49,-12.96
-1.36,340.57,-13.17
-0.97,350.50,-13.40
-1.55,360.57,-13.57
-0.58,370.36,-13.84
-1.55,380.15,-13.93
-1.36,390.23,-14.21
-1.55,400.58,-14.45
-1.16,410.51,-14.72
-1.16,420.45,-14.92
-1.55,430.09,-15.12
-1.94,439.74,-15.38
-0.77,449.39,-15.70
-1.16,459.32,-15.84
-1.16,468.97,-16.03
-1.74,478.47,-16.23
-1.55,488.26,-16.52
-0.97,498.33,-16.80
-1.36,508.27,-16.97
-1.36,518.48,-17.21
-1.16,528.27,-17.44
-1.16,537.92,-17.63
-1.74,547.71,-17.83
-1.36,557.64,-18.13
-2.52,566.58,-18.35
-1.94,576.64,-18.79
-2.52,586.43,-19.12
-2.52,596.35,-19.56
-2.52,606.28,-19.99
-2.32,616.63,-20.45
-2.52,626.98,-20.87
-2.52,636.91,-21.30
-2.52,646.83,-21.74
-2.32,656.90,-22.18
-2.32,667.11,-22.60
-2.13,677.17,-23.00
-2.71,687.24,-23.38
-2.52,697.31,-23.86
-2.90,707.80,-24.32
-3.10,718.43,-24.86
-2.32,728.63,-25.41
-2.71,738.27,-25.80
-3.10,747.06,-26.21
-2.13,757.69,-26.79
-2.32,768.33,-27.19
-2.71,778.25,-27.59
-2.13,788.32,-28.06
-2.13,798.53,-28.44
-2.71,808.88,-28.83
-2.13,819.23,-29.32
-1.55,829.02,-29.68
0.00,0.00,0.00
-3.68,3.55,0.00
-9.10,11.48,-0.51
-9.29,21.15,-2.06
-5.81,30.67,-3.62
-4.45,40.13,-4.58
-4.26,50.18,-5.36
-3.48,60.08,-6.10
-3.87,69.72,-6.69
-2.71,79.91,-7.38
-3.68,89.98,-7.85
-4.07,99.75,-8.48
-4.07,109.37,-9.16
-3.48,119.14,-9.86
-4.07,129.20,-10.47
-3.48,139.25,-11.19
-3.48,148.88,-11.77
-2.71,158.51,-12.36
-3.10,168.44,-12.83
-2.32,178.50,-13.37
-2.90,188.57,-13.78
-2.90,198.49,-14.28
-2.90,208.13,-14.77
-2.32,217.62,-15.26
-2.52,227.41,-15.65
-2.32,237.76,-16.11
-2.32,247.68,-16.51
-2.52,258.03,-16.93
-2.52,268.24,-17.38
-2.13,278.73,-17.84
-2.13,289.23,-18.23
-1.94,299.58,-18.62
-2.71,309.51,-18.95
-2.13,319.29,-19.41
-1.55,329.36,-19.79
-2.13,339.72,-20.07
-2.32,349.50,-20.43
-2.32,359.43,-20.83
-2.32,369.35,-21.24
-2.32,379.28,-21.64
-2.52,389.35,-22.05
-2.32,399.70,-22.50
-2.32,409.62,-22.91
-2.13,418.84,-23.28
-2.32,428.63,-23.64
-2.52,438.69,-24.05
-2.32,448.19,-24.47
-2.13,458.26,-24.88
-2.13,467.90,-25.24
-2.90,477.83,-25.61
-2.52,487.75,-26.11
-2.32,497.82,-26.55
-2.13,507.60,-26.95
-2.13,517.25,-27.31
-1.55,526.75,-27.66
-1.36,536.82,-27.93
-2.52,546.47,-28.16
-2.52,556.39,-28.60
-2.90,565.75,-29.01
-3.29,575.11,-29.48
-2.90,585.59,-30.09
-3.29,595.51,-30.59
-2.90,605.43,-31.16
-2.90,615.07,-31.65
-2.90,624.71,-32.14
-3.10,634.77,-32.65
-3.48,644.97,-33.20
-3.48,654.89,-33.80
-3.10,665.09,-34.43
-2.52,675.43,-34.99
-2.90,685.92,-35.45
-2.71,696.27,-35.97
-2.90,706.33,-36.45
-3.29,716.26,-36.95
-3.10,726.32,-37.53
-2.13,736.38,-38.07
-2.71,745.88,-38.43
-3.29,755.38,-38.88
-1.94,766.29,-39.50
-2.13,776.64,-39.85
-2.32,786.99,-40.24
-2.32,797.49,-40.67
-2.71,807.70,-41.08
-2.52,817.48,-41.54
-2.52,827.12,-41.97
0.00,0.00,0.00
-2.32,2.27,0.00
-5.42,9.64,-0.30
-3.68,19.68,-1.25
-3.48,30.30,-1.93
-3.29,40.07,-2.53
-2.71,49.85,-3.09
-2.71,60.05,-3.57
-2.13,69.84,-4.04
-2.13,79.48,-4.40
-1.94,89.26,-4.76
-2.13,99.19,-5.10
-2.13,108.84,-5.45
-2.71,118.62,-5.82
-1.94,128.83,-6.30
-2.32,138.76,-6.64
-1.94,148.54,-7.03
-1.94,158.19,-7.36
-0.97,167.69,-7.68
-1.16,177.48,-7.85
-0.97,187.55,-8.05
-1.36,197.20,-8.21
-0.97,206.85,-8.44
-1.16,216.36,-8.60
-0.19,226.72,-8.81
-0.97,236.65,-8.85
-0.77,247.01,-9.02
-0.58,257.08,-9.16
-0.77,267.16,-9.26
0.00,277.38,-9.40
-0.77,287.31,-9.40
-1.16,297.24,-9.53
-0.19,307.60,-9.74
-0.77,317.68,-9.78
-0.77,328.18,-9.92
-0.77,338.68,-10.06
-0.19,349.04,-10.20
-0.77,359.11,-10.23
-0.97,368.62,-10.36
-0.39,378.70,-10.53
-0.77,388.63,-10.60
-0.97,398.42,-10.73
-0.77,408.50,-10.90
-0.97,418.57,-11.04
-0.58,428.50,-11.21
-0.97,438.72,-11.31
-0.97,448.65,-11.48
-0.77,458.44,-11.64
-0.77,467.81,-11.77
-0.19,477.60,-11.90
-0.77,487.39,-11.94
-0.58,496.90,-12.06
-0.19,506.84,-12.16
-0.19,516.49,-12.20
0.39,526.56,-12.23
-0.58,536.64,-12.16
0.39,546.71,-12.27
0.00,556.65,-12.20
-0.39,566.01,-12.20
-0.19,575.24,-12.26
-1.16,584.75,-12.29
-0.77,594.96,-12.50
-0.97,604.75,-12.63
-0.77,614.54,-12.80
-0.97,624.34,-12.93
-0.58,634.84,-13.11
-0.97,645.34,-13.21
-0.97,655.55,-13.39
-1.55,665.34,-13.55
-0.77,675.28,-13.82
-0.19,685.63,-13.96
-0.77,695.99,-14.00
-0.97,706.07,-14.13
-0.39,715.86,-14.30
-1.36,726.22,-14.37
-0.19,736.72,-14.62
-0.58,747.22,-14.65
-0.39,756.44,-14.74
-1.16,766.09,-14.81
0.19,776.74,-15.03
0.58,787.24,-14.99
-1.55,797.31,-14.89
-0.19,807.39,-15.16
-0.77,817.46,-15.19
-0.77,827.40,-15.33
0.00,0.00,0.00
-3.48,2.84,0.00
-8.32,10.35,-0.46
-9.10,19.89,-1.85
-6.39,29.70,-3.43
-5.81,39.72,-4.55
-5.23,49.46,-5.54
-4.84,59.35,-6.44
-5.23,68.97,-7.26
-5.42,78.72,-8.15
-4.84,88.47,-9.07
-5.03,98.51,-9.92
-4.65,108.40,-10.80
-4.65,118.31,-11.60
-3.87,128.49,-12.43
-3.68,138.26,-13.09
-3.68,148.17,-13.73
-4.26,157.95,-14.36
-3.87,167.29,-15.05
-3.87,176.91,-15.70
-3.29,186.97,-16.38
-3.87,196.74,-16.95
-3.87,206.66,-17.62
-3.48,216.85,-18.31
-3.68,227.19,-18.94
-3.87,237.53,-19.60
-3.87,247.72,-20.29
-3.48,257.64,-20.96
-3.87,267.83,-21.58
-3.68,277.89,-22.26
-3.29,288.08,-22.92
-3.87,297.86,-23.48
-2.71,307.77,-24.15
-3.68,318.12,-24.64
-3.68,328.60,-25.31
-3.29,338.51,-25.95
-3.68,348.43,-26.52
-4.07,358.06,-27.14
-3.87,368.11,-27.86
-4.07,378.17,-28.54
-3.29,388.08,-29.24
-3.68,397.71,-29.79
-4.26,407.48,-30.42
-3.68,417.53,-31.17
-3.10,427.59,-31.82
-3.48,437.51,-32.35
-4.07,447.28,-32.95
-4.26,456.76,-33.62
-3.87,466.39,-34.34
-3.48,475.87,-34.98
-3.10,486.07,-35.60
-4.07,495.57,-36.12
-2.90,505.48,-36.82
-3.48,515.26,-37.32
-4.07,525.03,-37.91
-3.68,534.66,-38.60
-5.03,544.15,-39.21
-4.07,554.18,-40.09
-4.84,563.81,-40.78
-4.84,573.43,-41.59
-4.26,583.18,-42.42
-4.84,593.51,-43.19
-4.07,603.41,-44.02
-5.03,613.46,-44.74
-4.84,623.78,-45.65
-4.26,634.11,-46.52
-4.26,644.30,-47.28
-4.45,654.63,-48.05
-4.45,664.53,-48.82
-4.45,674.15,-49.57
-4.45,684.62,-50.39
-4.65,694.67,-51.17
-4.07,704.71,-51.98
-3.68,714.62,-52.69
-4.65,723.83,-53.28
-3.87,734.29,-54.13
-3.87,744.77,-54.84
-5.03,754.97,-55.53
-3.87,764.86,-56.40
-5.03,774.77,-57.07
-4.65,784.95,-57.97
-4.45,795.00,-58.79
-4.07,804.62,-59.53
-3.87,814.67,-60.25
-4.45,824.44,-60.91
0.00,0.00,0.00
-1.36,3.55,0.00
-3.29,12.06,-0.20
-2.71,21.84,-0.76
-1.94,31.76,-1.23
-2.32,41.40,-1.56
-1.94,51.05,-1.95
-1.94,61.26,-2.30
-2.52,71.05,-2.63
-2.32,80.83,-3.06
-2.32,90.75,-3.46
-1.94,100.96,-3.87
-1.36,111.03,-4.21
-1.55,121.11,-4.45
-1.16,131.04,-4.72
-0.97,140.83,-4.92
-0.77,150.62,-5.08
-1.36,160.41,-5.22
-1.16,170.20,-5.45
-0.58,179.99,-5.65
0.00,189.78,-5.75
-0.77,199.72,-5.75
-0.58,210.08,-5.89
0.19,220.29,-5.99
-0.58,230.79,-5.95
-0.39,240.87,-6.06
-0.97,250.95,-6.12
-0.39,261.02,-6.29
-0.39,271.24,-6.36
-0.39,281.17,-6.43
-0.39,291.39,-6.50
-0.77,301.61,-6.57
0.19,311.97,-6.71
-0.19,322.18,-6.67
-1.16,332.26,-6.71
0.00,342.19,-6.91
-0.77,351.28,-6.91
-0.39,361.21,-7.04
-0.77,371.71,-7.12
-0.58,381.22,-7.24
-0.19,390.87,-7.34
-0.77,400.94,-7.38
-0.77,411.16,-7.51
-0.77,421.09,-7.65
-0.39,431.03,-7.78
-0.58,440.68,-7.85
-0.77,450.19,-7.94
-0.97,459.98,-8.08
-0.39,470.05,-8.25
-0.39,479.70,-8.31
-0.58,489.49,-8.38
-0.77,499.14,-8.48
-0.58,509.22,-8.61
-1.36,519.15,-8.71
-0.77,528.94,-8.94
-2.32,538.31,-9.07
-1.55,548.23,-9.47
-1.94,558.16,-9.74
-1.74,568.23,-10.08
-1.36,577.88,-10.38
-2.52,588.10,-10.62
-1.16,598.16,-11.06
-2.13,608.52,-11.27
-1.94,618.87,-11.65
-2.13,628.94,-12.00
-1.55,639.30,-12.38
-1.55,649.51,-12.66
-1.94,659.44,-12.93
-2.13,669.79,-13.28
-2.32,679.86,-13.65
-2.13,689.93,-14.06
-0.77,700.28,-14.44
-1.94,710.22,-14.58
-1.94,719.58,-14.89
-1.16,730.07,-15.25
-0.39,740.57,-15.46
-2.13,750.65,-15.53
-1.36,760.58,-15.90
-1.36,770.79,-16.14
-1.55,780.87,-16.38
-1.55,790.80,-16.65
-0.97,800.58,-16.91
-0.77,810.66,-17.08
-0.97,820.73,-17.22
-1.16,830.24,-17.38
