0.00,0.00,0.00
-0.19,0.14,0.00
-0.19,0.14,0.00
0.19,1.26,-0.00
0.77,8.42,0.02
0.19,18.67,0.16
-0.57,29.34,0.19
-1.34,38.89,0.10
-1.34,47.03,-0.09
-1.53,53.63,-0.25
-1.92,60.93,-0.44
-0.96,68.08,-0.68
-0.77,75.53,-0.81
-0.19,83.25,-0.91
0.38,90.41,-0.93
0.19,97.29,-0.89
-0.00,104.73,-0.86
-0.19,112.45,-0.86
-0.00,120.17,-0.89
-0.00,127.47,-0.89
-0.77,134.78,-0.89
-1.15,142.36,-0.99
-0.00,150.22,-1.15
0.19,157.10,-1.15
-0.00,164.82,-1.12
0.77,172.40,-1.12
1.15,180.83,-1.01
1.53,188.97,-0.85
-0.00,195.71,-0.67
0.19,201.18,-0.67
0.57,208.48,-0.64
0.77,216.48,-0.56
1.15,224.63,-0.45
1.72,232.35,-0.30
2.11,239.08,-0.09
2.87,245.54,0.14
3.45,251.85,0.46
3.45,258.02,0.83
4.21,265.02,1.25
4.60,271.75,1.75
4.79,278.32,2.28
5.17,284.76,2.82
5.55,291.19,3.40
5.55,297.62,4.02
5.55,304.05,4.65
4.79,310.76,5.30
4.02,318.03,5.91
3.64,325.60,6.44
2.87,333.16,6.92
2.30,341.15,7.32
2.30,347.89,7.60
0.96,354.48,7.86
-0.00,361.08,7.97
0.38,366.98,7.97
-0.38,374.00,8.02
-0.19,381.44,7.97
0.19,388.18,7.94
-0.00,395.06,7.97
-0.57,401.38,7.97
-1.15,408.26,7.90
-1.72,414.01,7.78
-1.72,420.19,7.60
-2.30,427.34,7.38
-2.68,434.36,7.10
-2.49,441.79,6.75
-1.72,448.25,6.47
-2.11,455.26,6.26
-3.26,462.00,6.01
-3.26,468.73,5.63
-3.64,475.17,5.26
-3.06,482.04,4.83
-3.06,488.77,4.47
-3.06,495.78,4.09
-2.87,502.65,3.72
-3.26,509.66,3.37
-4.02,516.11,3.00
-4.41,522.55,2.55
-4.79,528.71,2.08
-5.17,534.59,1.58
-4.60,540.60,1.04
-3.26,547.18,0.51
-2.49,553.91,0.13
-2.68,561.62,-0.21
-2.11,569.34,-0.57
-1.92,575.37,-0.79
0.00,0.00,0.00
0.00,0.00,0.00
-0.19,0.14,0.00
1.53,1.40,-0.00
2.68,8.42,0.18
1.53,19.08,0.68
0.19,29.61,0.96
-0.96,39.16,1.00
-2.49,47.02,0.86
-2.49,54.59,0.54
-1.53,62.31,0.20
-1.34,70.59,-0.02
-2.30,77.19,-0.18
-3.45,83.92,-0.45
-2.87,91.63,-0.91
-2.30,98.78,-1.27
-2.11,105.65,-1.55
-1.72,112.67,-1.80
-0.96,119.13,-2.00
0.19,125.58,-2.11
0.77,132.46,-2.08
-0.00,139.76,-1.99
-0.77,146.78,-1.99
-1.15,153.80,-2.08
-1.15,159.70,-2.20
-0.57,165.74,-2.32
-0.96,172.47,-2.39
-1.92,179.63,-2.51
-3.26,187.35,-2.76
-2.87,194.64,-3.18
-2.49,201.93,-3.54
-1.92,208.25,-3.82
-1.34,215.12,-4.05
-1.53,221.72,-4.20
-1.53,227.89,-4.37
-2.11,233.93,-4.53
-2.11,239.54,-4.74
-2.30,246.14,-4.98
-2.87,253.01,-5.26
-2.87,260.02,-5.61
-3.06,267.74,-5.99
-3.83,275.87,-6.43
-4.98,283.15,-6.92
-5.55,290.01,-7.51
-5.36,297.13,-8.21
-5.55,303.70,-8.82
-5.94,310.13,-9.45
-5.94,316.56,-10.12
-6.70,322.42,-10.73
-7.47,328.28,-11.42
-8.24,334.40,-12.22
-8.81,340.93,-13.16
-9.00,347.73,-14.22
-9.19,355.08,-15.38
-9.00,361.32,-16.39
-8.62,368.25,-17.49
-9.00,376.03,-18.67
-9.39,384.07,-19.94
-9.00,391.00,-21.09
-8.62,397.93,-22.19
-8.04,404.73,-23.22
-8.24,410.71,-24.06
-8.24,417.66,-25.07
-8.04,423.91,-25.97
-8.62,429.61,-26.78
-8.81,435.86,-27.73
-9.00,442.10,-28.69
-7.85,448.21,-29.66
-6.90,453.91,-30.45
-6.51,460.04,-31.19
-6.90,467.57,-32.05
-6.70,474.96,-32.94
-6.70,482.77,-33.86
-5.94,490.02,-34.71
-4.60,496.87,-35.42
-4.02,503.72,-35.98
-4.02,509.89,-36.41
-3.64,516.61,-36.88
-3.64,523.33,-37.31
-3.64,529.78,-37.72
-3.64,536.23,-38.13
-3.26,542.39,-38.52
-3.26,548.28,-38.86
-2.30,554.03,-39.18
-1.34,559.78,-39.41
0.00,0.00,0.00
0.19,0.14,0.00
0.00,0.28,0.00
0.57,0.70,0.00
0.77,7.58,0.07
0.00,18.53,0.22
-0.77,29.20,0.22
-1.15,39.87,0.07
-1.53,48.58,-0.10
-1.34,56.30,-0.31
-1.53,62.89,-0.46
-0.96,70.33,-0.66
-0.96,77.35,-0.78
-0.77,84.79,-0.90
-1.15,91.81,-1.00
-1.34,98.97,-1.14
-1.53,105.85,-1.30
-1.34,112.73,-1.49
-2.30,119.60,-1.65
-3.06,127.46,-1.96
-1.72,134.33,-2.33
-0.96,141.35,-2.54
-2.30,147.95,-2.65
-3.06,156.08,-2.98
-3.45,164.22,-3.41
-3.26,172.20,-3.89
-2.30,179.35,-4.30
-2.11,186.51,-4.59
-2.68,192.82,-4.82
-3.26,200.26,-5.17
-4.21,207.40,-5.58
-3.64,213.99,-6.06
-3.83,220.57,-6.48
-3.83,227.58,-6.95
-2.49,233.88,-7.37
-1.72,240.33,-7.65
-1.34,246.51,-7.84
-0.38,252.26,-7.97
-0.00,258.44,-8.01
-0.00,264.34,-8.01
0.19,270.09,-8.01
0.38,276.97,-7.99
0.19,284.14,-7.94
-0.19,292.28,-7.91
0.38,300.28,-7.94
0.57,307.72,-7.89
0.19,315.30,-7.82
-0.00,321.90,-7.79
-0.00,328.36,-7.79
0.19,334.12,-7.79
0.96,340.30,-7.77
0.77,346.61,-7.67
1.34,352.65,-7.59
1.15,359.25,-7.43
0.77,365.99,-7.30
0.57,373.43,-7.20
0.57,381.01,-7.12
-0.19,388.03,-7.05
-0.38,395.19,-7.08
0.19,402.07,-7.12
-0.00,408.95,-7.10
-0.96,415.55,-7.10
-1.72,421.44,-7.20
-1.72,427.62,-7.38
-1.15,435.34,-7.61
-1.34,443.06,-7.77
-1.15,449.94,-7.93
-1.15,456.96,-8.07
-1.72,463.55,-8.20
-1.92,470.43,-8.41
-1.92,476.89,-8.63
-1.92,483.34,-8.84
-2.49,489.38,-9.04
-2.49,495.27,-9.30
-2.68,501.02,-9.55
-2.49,507.05,-9.83
-2.30,514.20,-10.14
-2.49,521.92,-10.45
-3.64,530.05,-10.81
-3.45,537.76,-11.30
-3.45,544.77,-11.72
-3.64,551.08,-12.10
-3.45,557.66,-12.52
-3.64,563.13,-12.85
-3.64,569.57,-13.26
0.00,0.00,0.00
0.00,0.00,0.00
0.00,0.28,0.00
2.30,1.97,0.00
2.87,8.28,0.25
1.92,18.80,0.78
0.77,29.74,1.15
-0.57,39.99,1.28
-1.34,48.70,1.20
-2.11,56.56,1.01
-2.68,62.87,0.78
-2.11,69.18,0.49
-1.15,77.74,0.17
-0.38,85.60,0.01
-0.19,93.60,-0.04
-0.77,101.05,-0.07
-1.34,108.21,-0.16
-1.72,115.51,-0.33
-1.92,123.22,-0.56
-2.30,131.08,-0.83
-2.30,138.10,-1.11
-1.53,144.83,-1.38
-2.30,153.25,-1.60
-3.45,161.39,-1.93
-4.02,169.10,-2.40
-3.26,176.66,-2.93
-2.30,184.09,-3.35
-2.11,190.96,-3.63
-2.68,197.56,-3.87
-3.64,204.43,-4.19
-3.83,211.30,-4.63
-4.21,216.90,-5.00
-4.02,221.80,-5.36
-4.02,227.69,-5.78
-4.60,234.27,-6.24
-4.41,241.97,-6.86
-4.21,250.23,-7.50
-4.21,258.07,-8.07
-4.60,265.91,-8.65
-4.60,273.47,-9.26
-4.21,280.46,-9.82
-4.21,287.18,-10.32
-4.21,293.07,-10.75
-4.02,299.37,-11.21
-3.64,305.81,-11.67
-3.45,312.40,-12.09
-3.64,318.42,-12.45
-2.87,324.03,-12.81
-3.26,329.64,-13.09
-3.45,336.51,-13.48
-3.45,344.35,-13.95
-3.26,352.06,-14.42
-3.83,360.05,-14.87
-4.21,368.46,-15.43
-4.02,376.16,-16.00
-4.41,383.16,-16.49
-4.41,390.44,-17.05
-4.41,397.44,-17.59
-4.60,403.74,-18.08
-4.21,410.18,-18.60
-4.21,416.90,-19.09
-3.64,422.36,-19.49
-2.87,427.41,-19.81
-3.26,433.01,-20.10
-3.64,440.02,-20.49
-2.87,447.59,-20.98
-2.49,455.16,-21.36
-2.49,461.62,-21.64
-2.49,468.63,-21.94
-2.30,476.62,-22.29
-1.53,484.48,-22.60
-1.53,491.78,-22.80
-1.53,498.52,-22.98
-2.30,505.25,-23.16
-2.11,511.57,-23.41
-2.49,518.02,-23.65
-1.72,523.91,-23.91
-0.77,529.95,-24.09
-0.96,536.27,-24.17
-1.72,543.00,-24.29
-2.11,549.74,-24.49
-2.11,556.76,-24.75
-2.68,563.35,-24.99
-1.92,570.92,-25.34
-1.34,578.92,-25.61
0.00,0.00,0.00
-0.19,0.14,0.00
-0.19,0.14,0.00
0.19,0.42,-0.00
0.77,7.30,0.02
0.57,17.55,0.16
0.00,28.64,0.27
-0.57,38.61,0.27
-0.96,47.60,0.18
-1.34,55.46,0.05
-2.30,61.77,-0.10
-1.72,70.05,-0.43
-0.96,77.91,-0.67
-0.38,85.91,-0.80
-0.19,93.63,-0.85
0.19,100.09,-0.87
0.77,107.53,-0.85
0.96,114.69,-0.75
0.57,122.84,-0.62
0.19,130.42,-0.54
0.96,137.72,-0.52
0.96,145.02,-0.40
0.57,152.04,-0.28
-0.96,159.62,-0.20
-1.72,166.92,-0.32
-1.34,174.50,-0.55
-0.57,182.08,-0.73
-0.19,189.38,-0.80
-0.38,197.38,-0.83
-1.15,204.12,-0.87
-0.77,210.58,-1.00
-0.38,217.04,-1.09
-0.19,224.48,-1.14
0.00,231.08,-1.16
-0.19,237.40,-1.16
0.38,243.43,-1.18
1.15,248.49,-1.15
1.53,254.10,-1.04
0.96,260.42,-0.87
0.57,267.16,-0.75
0.77,275.16,-0.67
1.15,283.87,-0.56
1.53,291.45,-0.41
1.72,299.17,-0.20
1.34,306.46,0.02
1.34,312.92,0.17
0.77,319.52,0.33
0.00,325.70,0.41
-0.19,331.17,0.41
-0.57,337.35,0.39
-0.19,343.81,0.32
-0.19,350.27,0.30
-1.15,357.43,0.28
-2.30,364.73,0.13
-2.87,372.16,-0.17
-3.06,379.59,-0.54
-3.06,386.88,-0.93
-3.06,393.61,-1.29
-2.87,399.64,-1.61
-3.26,405.53,-1.91
-3.45,412.12,-2.28
-4.21,418.85,-2.69
-4.21,426.13,-3.23
-4.98,434.25,-3.82
-4.79,441.67,-4.47
-4.41,448.66,-5.06
-4.60,455.24,-5.56
-5.17,461.82,-6.09
-5.55,467.97,-6.65
-5.94,473.84,-7.22
-5.75,480.13,-7.87
-5.17,486.41,-8.51
-5.36,493.26,-9.13
-5.36,499.97,-9.76
-5.55,507.10,-10.43
-4.98,514.23,-11.12
-5.55,521.08,-11.72
-5.55,528.07,-12.40
-5.94,534.50,-13.02
-6.32,540.36,-13.63
-6.13,545.53,-14.20
-5.36,551.95,-14.89
-5.55,558.24,-15.48
-5.94,564.67,-16.11
-5.17,572.21,-16.89
