0.00,0.00,0.00
0.19,0.42,0.00
3.26,4.63,0.01
4.41,16.41,0.68
2.68,29.71,1.71
-3.06,38.40,2.12
-6.90,41.21,1.97
-8.24,42.46,1.81
-2.30,46.77,1.19
8.81,56.03,0.82
11.11,70.18,3.01
6.13,85.34,5.99
-3.64,96.64,7.20
-13.41,103.79,6.75
-16.86,106.25,6.16
-16.28,106.65,6.04
-10.73,110.56,4.90
-1.53,117.18,3.64
2.30,129.81,3.31
-1.15,146.65,3.98
-6.90,162.93,3.66
-15.32,175.48,2.14
-23.75,181.44,0.51
-27.77,184.14,-0.68
-28.35,184.51,-0.88
-27.39,185.13,-1.21
-27.58,192.23,-4.89
-28.92,205.30,-11.72
-30.45,219.56,-19.60
-31.99,232.14,-27.00
-34.29,240.48,-32.20
-38.50,244.66,-35.05
-42.52,246.96,-36.89
-47.12,249.45,-39.16
-48.08,254.89,-45.03
-46.74,262.87,-53.91
-44.82,272.30,-63.93
-44.05,282.26,-73.83
-45.20,291.54,-82.81
-48.84,299.95,-91.28
-53.63,306.51,-98.78
-59.57,311.92,-106.13
-65.32,316.19,-113.39
-69.15,319.35,-120.28
-71.44,322.15,-127.63
-73.55,325.15,-136.55
-75.66,327.89,-145.84
-77.57,330.53,-156.18
-79.87,333.01,-167.42
-83.13,335.01,-178.62
-86.58,336.32,-189.49
-90.98,336.90,-199.16
-94.62,336.74,-208.29
-98.83,336.02,-217.24
-102.28,334.68,-225.85
-105.54,332.86,-234.22
-108.41,330.49,-242.74
-111.09,327.65,-251.26
-113.97,324.37,-259.78
-117.22,321.12,-267.09
-120.48,317.58,-273.96
-123.35,313.53,-280.86
-125.27,308.59,-288.36
-126.99,303.15,-296.04
-128.72,297.83,-303.11
-131.40,292.04,-310.34
-134.27,285.81,-317.40
-136.95,278.95,-324.43
-139.63,272.18,-330.76
-141.93,265.12,-336.76
-144.61,257.60,-342.65
-147.49,249.71,-348.26
-149.98,241.77,-353.31
-153.04,233.99,-357.81
-157.83,228.36,-360.68
-163.77,224.07,-362.42
-167.79,217.47,-364.35
-169.32,207.58,-366.49
-169.32,196.55,-368.57
-169.90,186.75,-370.41
-173.34,178.46,-371.89
179.76,172.60,-372.58
173.25,167.54,-372.55
172.67,160.43,-371.71
175.55,150.82,-370.48
***********
0.00,0.00,0.00
0.19,0.14,0.00
4.21,3.65,0.01
6.51,14.85,0.84
4.41,28.94,2.45
-2.87,39.30,3.24
-8.24,43.23,3.05
-7.85,43.78,2.97
-3.06,47.26,2.49
4.79,53.01,2.18
9.19,63.22,3.03
3.26,79.72,5.70
-6.32,94.02,6.52
-14.37,102.39,5.59
-16.86,104.16,5.14
-14.17,106.04,4.57
-4.60,112.84,2.85
5.75,120.40,2.24
12.45,132.00,3.41
10.15,146.26,6.56
5.36,162.43,9.45
-3.83,181.44,11.24
-13.22,195.31,10.31
-21.26,203.78,8.32
-27.58,208.10,6.64
-29.88,209.59,5.86
-29.88,209.59,5.86
-32.75,211.91,4.53
-34.67,221.12,-1.40
-35.82,233.59,-10.02
-36.39,246.45,-19.31
-37.16,257.53,-27.47
-39.07,265.81,-33.75
-42.71,270.93,-37.91
-47.89,273.93,-40.67
-52.67,276.28,-43.27
-57.08,279.09,-46.96
-56.31,283.97,-54.50
-54.21,290.44,-64.20
-52.67,298.32,-75.13
-52.48,306.92,-86.41
-54.21,315.38,-97.43
-58.23,322.53,-107.34
-63.21,328.30,-116.65
-68.57,332.35,-124.67
-73.36,335.47,-132.65
-77.19,338.13,-141.52
-79.30,340.15,-150.42
-81.60,341.98,-160.08
-82.94,343.47,-170.22
-85.04,344.80,-180.95
-87.92,345.81,-192.56
-91.17,346.26,-204.77
-95.20,346.01,-216.70
-98.83,345.01,-227.75
-103.24,343.35,-238.43
-107.26,341.06,-248.13
-111.86,338.40,-256.71
-116.07,335.15,-264.79
-119.33,331.14,-272.99
-122.39,326.88,-280.58
-124.88,322.59,-287.34
-127.37,318.01,-293.90
-130.25,312.99,-300.49
-132.93,307.54,-306.92
-134.46,301.61,-313.29
-136.57,295.42,-319.60
-138.29,288.38,-326.26
-139.44,280.84,-332.99
-140.78,272.62,-340.02
-143.27,263.81,-347.21
-146.53,254.47,-354.18
-150.17,245.22,-360.30
-154.19,236.57,-365.26
-160.13,230.12,-368.37
-166.07,226.03,-369.85
-172.19,221.67,-370.94
-176.41,214.99,-371.85
-176.79,205.18,-372.47
-175.64,194.25,-373.08
-175.83,184.59,-373.82
-178.90,176.19,-374.43
177.27,169.45,-374.56
174.01,163.42,-374.27
173.25,158.95,-373.80
***********
0.00,0.00,0.00
-0.19,0.14,0.00
0.38,4.21,-0.01
2.49,16.71,0.07
3.06,30.03,0.65
0.00,39.57,1.16
-5.17,43.36,1.16
-8.43,45.74,0.94
-11.68,50.04,0.31
-7.85,59.94,-1.74
-1.72,72.74,-3.51
2.11,83.40,-3.83
0.57,90.14,-3.58
-5.55,94.63,-3.53
-11.49,99.24,-3.98
-16.66,104.33,-5.02
-15.90,112.67,-7.51
-10.53,123.75,-10.67
-5.36,134.38,-12.64
-1.92,143.60,-13.51
-3.45,152.02,-13.79
-9.58,160.71,-14.32
-17.62,167.63,-15.48
-25.47,173.12,-17.23
-25.86,180.98,-20.97
-22.03,190.83,-25.75
-18.20,200.99,-29.85
-17.24,210.19,-32.88
-19.92,219.04,-35.63
-25.67,227.22,-38.59
-34.67,233.43,-41.57
-41.37,237.93,-44.69
-42.71,243.72,-49.79
-40.80,250.74,-56.27
-38.12,258.82,-63.24
-37.54,266.88,-69.57
-40.22,275.34,-76.07
-45.59,282.42,-82.05
-51.33,288.71,-88.47
-56.50,293.71,-94.72
-61.10,297.89,-101.04
-62.63,301.69,-107.93
-62.44,304.85,-114.04
-62.83,308.75,-121.50
-63.59,313.88,-131.50
-66.27,319.50,-142.82
-70.10,325.26,-155.93
-74.13,330.00,-169.00
-79.11,333.60,-181.69
-83.51,335.70,-192.58
-87.92,336.80,-202.21
-91.75,337.11,-210.91
-95.58,336.84,-219.89
-98.64,335.91,-229.39
-101.13,334.37,-239.53
-103.81,332.15,-250.82
-106.69,329.10,-263.23
-111.09,325.67,-274.66
-114.92,321.32,-285.93
-118.95,316.41,-296.50
-123.54,311.38,-305.59
-128.33,306.34,-313.20
-132.16,301.12,-319.80
-137.14,296.03,-325.42
-140.97,290.67,-330.39
-142.89,285.00,-334.99
-143.85,279.07,-339.48
-144.23,272.72,-344.12
-144.80,265.31,-349.45
-146.15,256.25,-355.84
-148.64,245.64,-362.96
-151.51,235.69,-369.03
-155.34,225.82,-374.39
-159.74,217.27,-378.31
-166.26,212.00,-380.25
-171.81,208.04,-381.22
-177.75,203.73,-381.84
175.55,198.82,-382.04
173.82,191.12,-381.44
176.50,180.52,-380.29
179.38,169.44,-379.61
-179.86,160.46,-379.51
177.65,153.58,-379.53
172.10,149.23,-379.35
167.89,145.89,-378.89
***********
0.00,0.00,0.00
0.00,0.28,0.00
1.34,4.35,0.00
1.53,15.72,0.27
0.96,29.62,0.64
-1.72,39.73,0.81
-3.26,43.94,0.68
-3.26,43.94,0.68
-3.06,44.08,0.67
-0.77,46.88,0.52
-1.15,61.48,0.33
-3.45,80.29,-0.05
-5.55,94.73,-0.92
-5.94,101.71,-1.60
-5.94,102.27,-1.66
-5.75,102.41,-1.67
-1.72,105.63,-2.00
-0.19,114.61,-2.27
-0.77,128.51,-2.31
-3.26,142.41,-2.50
-6.90,155.44,-3.24
-11.11,163.81,-4.25
-15.71,167.67,-5.01
-19.54,170.37,-5.77
-21.26,175.53,-7.60
-20.11,184.95,-11.27
-18.58,196.29,-15.42
-17.62,208.13,-19.40
-18.58,218.97,-22.84
-21.45,228.42,-26.02
-25.86,236.39,-29.15
-30.45,242.96,-32.34
-36.01,249.38,-36.11
-39.65,255.85,-40.81
-40.03,262.77,-46.55
-39.27,269.65,-52.33
-39.07,276.94,-58.28
-40.42,285.33,-65.10
-43.86,294.52,-72.92
-47.69,303.84,-81.87
-51.72,312.44,-91.32
-56.70,319.92,-100.80
-60.72,325.85,-109.84
-64.93,330.52,-118.17
-69.15,334.21,-126.05
-72.98,337.61,-134.97
-75.85,340.69,-145.04
-78.72,343.40,-155.80
-81.79,345.60,-166.81
-85.04,347.19,-177.79
-88.30,348.07,-188.00
-91.56,348.36,-197.69
-94.81,348.09,-207.65
-99.22,347.23,-217.87
-102.86,345.63,-227.71
-106.30,343.51,-237.01
-109.94,340.94,-245.77
-113.97,338.12,-253.56
-117.99,334.98,-260.62
-121.63,331.75,-266.69
-123.35,327.85,-273.03
-124.31,323.45,-279.71
-124.88,318.46,-287.02
-126.03,313.00,-294.85
-127.76,307.30,-302.69
-130.06,300.94,-310.90
-133.31,294.35,-318.75
-135.80,287.12,-326.41
-137.91,279.98,-333.36
-139.82,272.47,-340.13
-142.31,264.21,-347.11
-146.34,255.88,-353.55
-149.98,247.35,-359.23
-153.62,239.20,-363.94
-157.64,231.53,-367.74
-164.15,226.60,-369.77
-171.05,221.73,-371.15
-177.75,216.88,-371.92
179.57,209.59,-372.20
-178.13,198.63,-372.12
-175.83,187.13,-372.50
-175.64,177.18,-373.22
-179.47,169.62,-373.80
174.78,165.41,-373.84
170.95,161.50,-373.48
***********
0.00,0.00,0.00
0.00,0.28,0.00
2.68,4.21,0.00
5.75,16.27,0.56
6.70,30.38,1.98
0.19,39.59,3.07
-7.09,44.92,3.08
-14.75,50.77,2.36
-12.64,55.80,1.03
-2.87,62.79,-0.53
6.32,69.52,-0.87
9.77,73.98,-0.38
-0.19,81.73,0.96
-13.41,91.42,0.93
-22.98,100.43,-1.22
-20.69,110.00,-5.28
-11.30,118.80,-8.60
-1.53,125.82,-10.01
2.87,129.33,-10.10
-2.87,135.78,-9.78
-13.41,146.30,-10.30
-21.07,158.04,-13.10
-22.98,167.74,-16.84
-21.45,174.98,-19.91
-18.77,180.47,-22.07
-18.77,186.32,-24.05
-20.69,193.49,-26.49
-24.33,202.29,-29.82
-28.35,212.15,-34.27
-31.80,221.04,-39.07
-34.67,228.56,-43.73
-36.01,235.14,-48.28
-37.73,242.53,-53.65
-40.22,249.08,-58.72
-43.10,255.83,-64.43
-45.78,262.39,-70.57
-48.08,268.66,-77.01
-50.95,273.82,-82.76
-52.87,278.60,-88.64
-55.36,283.43,-95.03
-58.23,288.62,-102.53
-60.91,293.79,-110.89
-63.21,298.84,-119.97
-65.70,303.21,-128.62
-68.00,307.02,-137.06
-71.44,310.71,-146.17
-74.89,314.01,-156.02
-78.72,316.72,-166.06
-82.55,318.75,-176.25
-85.43,320.04,-186.13
-87.53,320.84,-196.07
-90.02,321.23,-205.19
-93.09,321.23,-214.73
-96.92,320.68,-224.83
-100.94,319.41,-235.28
-104.96,317.52,-245.07
-108.41,314.91,-254.84
-111.28,311.76,-264.29
-114.35,308.50,-272.67
-117.41,304.91,-280.60
-121.05,300.97,-288.20
-125.08,296.70,-295.30
-128.52,291.85,-302.19
-130.63,286.52,-308.89
-132.16,280.67,-315.71
-134.65,274.54,-322.48
-137.14,267.73,-329.37
-140.21,260.53,-336.05
-142.31,253.08,-342.25
-144.80,245.64,-348.01
-147.68,237.72,-353.59
-151.70,229.30,-358.92
-155.34,221.02,-363.38
-158.60,213.23,-366.95
-162.23,207.09,-369.36
-166.83,202.01,-370.99
-170.66,195.99,-372.40
-174.30,187.82,-373.74
-176.41,178.74,-374.65
-178.32,169.77,-375.21
179.38,162.19,-375.43
176.31,156.85,-375.37
174.21,151.67,-375.04
174.21,144.96,-374.36
174.97,137.14,-373.57
***********
