0.00,0.00,0.00
-3.48,2.55,0.00
-9.10,9.21,-0.41
-4.65,16.36,-1.55
-4.07,24.42,-2.21
-6.97,32.49,-2.78
-7.36,40.94,-3.81
-7.55,49.81,-4.96
-8.71,58.81,-6.15
-10.45,67.37,-7.46
-12.97,75.60,-8.98
-15.68,84.46,-11.02
-17.04,93.06,-13.44
-19.75,101.20,-15.93
-21.68,109.22,-18.81
-23.81,116.47,-21.69
-26.72,124.13,-25.07
-29.04,131.49,-28.77
-31.17,138.81,-32.84
-33.69,145.97,-37.17
-36.59,153.41,-42.13
-39.30,160.47,-47.38
-41.82,167.17,-52.86
-44.92,173.52,-58.54
-46.85,179.55,-64.55
-49.56,185.18,-70.55
-52.47,190.79,-77.14
-54.79,195.98,-83.89
-57.69,200.97,-90.97
-60.21,205.60,-98.28
-63.50,209.90,-105.80
-65.82,213.83,-113.67
-68.34,217.14,-121.05
-71.05,220.39,-129.23
-73.18,223.11,-137.15
-76.67,225.57,-145.30
-79.18,227.57,-153.72
-81.51,229.22,-162.37
-84.02,230.45,-170.65
-86.35,231.34,-179.12
-89.83,231.90,-187.90
-92.35,231.93,-196.55
-95.06,231.56,-205.49
-97.57,230.77,-214.39
-100.09,229.71,-222.41
-102.61,228.19,-230.93
-105.32,226.33,-239.24
-108.22,224.04,-247.59
-110.74,221.34,-255.82
-114.22,218.22,-264.04
-116.74,214.55,-272.20
-118.68,210.72,-279.80
-122.16,206.63,-287.27
-124.87,202.25,-294.24
-127.39,197.47,-301.11
-129.91,192.38,-307.76
-131.65,186.83,-314.40
-134.55,181.26,-320.66
-137.07,175.39,-326.63
-140.55,168.95,-332.62
-142.88,162.37,-338.03
-145.97,155.81,-343.00
-148.30,148.52,-347.92
-150.04,141.63,-352.17
-152.94,133.89,-356.64
-155.65,125.80,-360.77
-158.56,117.39,-364.57
-161.27,109.20,-367.79
-164.56,101.01,-370.57
-167.66,92.25,-372.99
-168.82,83.38,-374.93
-171.72,74.89,-376.61
-174.24,66.32,-377.85
-175.60,58.27,-378.66
-177.14,53.18,-379.06
-175.40,48.22,-379.30
-175.98,41.85,-379.81
-178.31,33.64,-380.39
-177.92,25.41,-380.63
-178.11,17.04,-380.94
-178.89,9.10,-381.20
-179.08,0.16,-381.37
-179.08,-8.64,-381.52
-179.86,-17.43,-381.66
-179.66,-26.94,-381.68
0.00,0.00,0.00
-3.68,2.70,0.00
-8.71,9.21,-0.42
-5.23,16.23,-1.49
-5.03,24.56,-2.26
-5.42,33.33,-3.03
-5.03,41.81,-3.83
-6.78,49.72,-4.53
-7.74,58.88,-5.62
-8.71,68.02,-6.86
-10.26,76.72,-8.19
-12.78,84.96,-9.69
-14.33,92.99,-11.51
-16.46,101.10,-13.58
-18.97,109.40,-16.03
-20.91,117.45,-18.80
-23.23,125.67,-21.94
-25.75,133.37,-25.24
-29.23,140.53,-28.69
-30.98,147.83,-32.78
-33.49,154.77,-36.95
-36.78,162.22,-41.88
-38.14,168.93,-46.89
-41.04,175.74,-52.24
-44.53,182.37,-58.02
-46.66,188.55,-64.09
-48.79,194.29,-70.18
-51.50,199.34,-75.94
-54.98,204.82,-82.83
-56.92,210.03,-90.27
-60.02,214.68,-97.40
-62.92,219.15,-105.15
-64.66,222.96,-112.60
-67.76,226.48,-120.04
-70.08,229.70,-127.92
-72.99,232.65,-136.06
-76.09,235.06,-143.93
-78.41,237.11,-152.20
-81.31,238.96,-161.23
-83.64,240.29,-169.93
-86.15,241.25,-178.54
-89.06,241.81,-186.89
-92.15,241.95,-195.12
-95.06,241.62,-203.77
-97.19,240.84,-212.68
-100.29,239.77,-221.13
-102.03,238.28,-229.36
-105.32,236.47,-237.83
-108.22,234.11,-246.45
-110.93,231.45,-254.54
-113.84,228.35,-262.63
-115.77,225.03,-270.16
-118.48,221.45,-277.57
-121.00,217.18,-285.43
-123.90,212.73,-292.85
-126.61,208.13,-299.68
-128.94,203.22,-306.29
-132.23,197.96,-312.80
-134.55,192.24,-319.10
-137.07,186.37,-325.07
-139.78,179.92,-331.06
-142.10,173.85,-336.20
-145.20,167.14,-341.43
-148.10,159.79,-346.53
-150.43,152.56,-351.03
-152.56,145.28,-355.16
-155.85,137.60,-359.15
-158.56,129.05,-362.98
-161.27,120.60,-366.30
-164.56,111.86,-369.26
-167.66,103.38,-371.61
-169.40,94.92,-373.46
-172.69,86.14,-375.10
-174.82,77.55,-376.20
-175.60,69.07,-376.97
-178.69,61.99,-377.52
-177.14,58.02,-377.61
-176.95,52.21,-377.90
178.98,45.27,-378.27
-178.89,36.89,-378.12
-179.66,28.66,-378.28
179.37,20.29,-378.33
-179.86,12.63,-378.24
179.37,4.11,-378.26
178.79,-4.83,-378.17
0.00,0.00,0.00
-4.26,3.12,0.00
-12.58,9.21,-0.45
-11.62,14.61,-1.66
-8.32,21.98,-3.17
-10.45,29.70,-4.30
-9.87,38.21,-5.87
-10.45,46.74,-7.36
-12.58,55.53,-8.98
-12.58,64.12,-10.90
-14.33,72.29,-12.72
-16.65,80.54,-14.83
-18.59,89.25,-17.43
-20.72,97.45,-20.19
-23.23,105.55,-23.25
-25.36,112.98,-26.44
-27.68,120.42,-29.97
-30.20,127.83,-33.86
-32.52,134.95,-38.00
-35.24,141.41,-42.12
-36.78,148.36,-47.03
-40.46,155.53,-52.39
-43.37,162.54,-58.37
-45.30,168.53,-64.03
-48.40,174.72,-70.28
-50.53,180.09,-76.33
-53.24,185.32,-82.68
-55.76,190.33,-89.39
-58.27,195.36,-96.78
-60.79,199.91,-104.15
-63.31,204.00,-111.45
-66.41,207.95,-119.32
-68.73,211.36,-127.12
-71.63,214.40,-134.92
-74.92,217.08,-143.00
-76.67,219.11,-150.54
-79.57,221.11,-158.96
-81.89,222.70,-167.62
-84.80,223.92,-176.19
-87.31,224.68,-184.53
-90.41,225.08,-193.03
-93.51,225.02,-201.83
-95.45,224.50,-210.33
-97.96,223.62,-219.51
-101.25,222.42,-228.08
-103.77,220.79,-236.30
-106.67,218.73,-244.71
-109.19,216.24,-253.00
-111.71,213.40,-261.17
-113.84,210.30,-268.95
-117.52,206.80,-276.87
-120.03,202.67,-284.80
-122.55,198.34,-292.30
-126.03,193.60,-299.71
-127.58,188.76,-306.37
-130.87,183.66,-313.00
-133.00,178.18,-319.34
-135.13,172.47,-325.46
-137.84,166.43,-331.47
-141.33,160.12,-337.18
-144.23,153.14,-342.77
-146.17,146.46,-347.58
-148.69,139.50,-352.24
-151.40,132.23,-356.67
-153.14,125.13,-360.54
-156.62,117.53,-364.39
-159.14,109.06,-368.05
-161.46,100.31,-371.38
-164.17,91.97,-374.18
-167.85,83.37,-376.62
-170.76,74.35,-378.56
-172.69,65.66,-379.97
-175.79,56.94,-381.09
-176.76,48.30,-381.73
-178.69,40.09,-382.19
178.98,33.84,-382.33
-177.53,29.02,-382.25
179.95,24.91,-382.43
178.02,18.38,-382.42
-178.89,11.57,-382.18
177.82,3.48,-382.34
176.85,-4.88,-382.02
177.82,-13.24,-381.56
176.85,-22.18,-381.22
176.27,-30.82,-380.75
0.00,0.00,0.00
-3.87,2.84,0.00
-8.32,8.93,-0.41
-4.07,15.67,-1.40
-4.65,24.02,-1.99
-5.61,32.93,-2.72
-5.42,41.55,-3.56
-6.58,50.02,-4.37
-7.36,58.76,-5.38
-9.10,67.63,-6.52
-11.81,76.60,-7.96
-12.97,84.93,-9.70
-15.68,93.78,-11.74
-17.23,101.98,-14.04
-19.94,109.84,-16.48
-22.26,117.85,-19.38
-24.97,125.73,-22.61
-27.10,133.32,-26.14
-29.23,140.52,-29.83
-31.56,147.70,-33.85
-35.04,155.20,-38.45
-37.56,162.52,-43.59
-40.08,169.38,-48.86
-42.79,175.68,-54.16
-45.11,181.93,-59.95
-48.01,188.04,-66.08
-50.34,193.74,-72.41
-52.66,199.17,-78.96
-55.76,204.34,-85.73
-59.44,209.37,-93.13
-61.37,213.99,-100.95
-63.89,218.00,-108.30
-66.41,221.81,-116.07
-68.92,224.93,-123.22
-71.63,228.10,-131.43
-74.92,230.82,-139.65
-77.63,233.11,-148.14
-79.57,234.94,-156.46
-82.67,236.43,-164.56
-85.38,237.55,-173.28
-87.89,238.25,-181.91
-91.19,238.57,-190.56
-93.90,238.38,-199.36
-96.03,237.80,-208.00
-99.51,236.87,-216.75
-101.25,235.44,-225.29
-104.16,233.81,-233.50
-106.67,231.76,-241.62
-109.97,229.28,-249.91
-112.48,226.13,-258.58
-115.58,222.87,-266.45
-117.90,219.19,-274.13
-120.03,215.28,-281.53
-123.52,211.01,-288.90
-126.61,206.31,-296.00
-128.74,201.15,-302.95
-131.07,196.00,-309.37
-133.20,190.50,-315.68
-136.88,184.57,-321.99
-139.39,178.25,-327.91
-142.10,172.00,-333.27
-144.62,165.40,-338.41
-147.14,158.80,-343.09
-149.65,151.77,-347.64
-151.59,144.17,-352.08
-154.69,136.19,-356.40
-157.40,128.23,-360.16
-160.30,120.24,-363.49
-163.98,111.55,-366.60
-166.30,103.10,-369.03
-169.01,94.27,-371.18
-170.95,85.64,-372.86
-174.05,77.23,-374.20
-176.37,68.47,-375.11
-177.53,60.54,-375.61
-177.92,55.72,-375.82
-174.43,50.62,-376.01
-178.69,45.53,-376.50
-179.86,38.15,-376.67
-179.27,29.50,-376.69
-179.47,20.56,-376.80
-179.86,12.89,-376.88
179.95,4.24,-376.90
179.37,-4.70,-376.89
179.56,-13.08,-376.80
0.00,0.00,0.00
-4.26,3.12,0.00
-12.58,9.21,-0.45
-16.26,15.44,-1.84
-12.78,21.98,-3.75
-14.13,30.42,-5.67
-13.75,38.96,-7.82
-14.33,47.64,-9.94
-14.52,56.16,-12.12
-15.68,64.68,-14.32
-17.04,73.29,-16.74
-18.97,81.16,-19.15
-21.49,89.35,-21.97
-22.84,97.40,-25.14
-25.56,105.51,-28.55
-27.49,112.94,-32.10
-29.62,120.11,-35.84
-32.33,127.52,-40.05
-34.85,134.59,-44.52
-36.98,141.46,-49.31
-40.27,148.60,-54.69
-41.82,155.10,-60.19
-45.30,161.24,-65.68
-47.24,167.42,-71.93
-49.76,173.30,-78.29
-52.47,178.99,-85.01
-55.95,183.83,-91.31
-58.47,188.83,-98.72
-60.60,193.21,-105.85
-63.50,197.60,-113.64
-65.82,201.40,-121.26
-68.73,204.83,-128.90
-72.02,207.87,-136.70
-74.34,210.50,-144.80
-77.05,212.87,-153.27
-79.57,214.75,-161.43
-82.67,216.34,-170.09
-85.57,217.48,-178.96
-87.51,218.14,-187.45
-90.41,218.52,-196.09
-92.15,218.45,-204.75
-95.83,218.13,-213.40
-98.54,217.23,-222.16
-101.06,215.91,-231.00
-103.77,214.27,-239.35
-106.87,212.31,-247.35
-109.38,209.64,-256.18
-111.71,206.72,-264.48
-114.81,203.46,-272.65
-117.90,199.77,-280.64
-120.23,195.92,-287.91
-123.13,191.56,-295.39
-125.84,186.75,-302.76
-128.36,181.52,-310.01
-130.87,176.67,-316.13
-133.39,170.82,-322.89
-136.68,164.68,-329.39
-139.20,158.59,-335.13
-142.10,152.25,-340.60
-143.85,145.64,-345.75
-146.56,139.00,-350.60
-149.27,131.89,-355.29
-152.36,124.33,-359.79
-154.49,116.66,-363.81
-157.01,108.85,-367.53
-160.69,100.35,-371.14
-163.21,91.92,-374.09
-165.72,83.09,-376.76
-168.82,74.28,-379.00
-171.34,66.07,-380.62
-173.85,56.95,-382.01
-176.18,47.92,-382.98
-178.31,39.28,-383.56
-179.66,31.20,-383.80
177.24,25.24,-383.84
-179.47,20.27,-383.60
178.60,15.73,-383.64
176.85,9.35,-383.48
178.60,3.26,-383.15
176.27,-3.27,-382.99
179.18,-9.93,-382.55
176.66,-17.45,-382.45
176.47,-25.52,-381.98
176.27,-34.16,-381.44
176.27,-43.23,-380.85
