0.00,0.00,0.00
-0.19,0.14,0.00
0.77,0.84,-0.00
4.41,3.79,0.04
6.90,11.21,0.61
5.36,22.36,1.96
3.45,32.71,2.93
-0.00,42.52,3.52
-1.53,50.66,3.52
-0.57,57.26,3.34
1.92,61.33,3.30
6.51,64.70,3.41
10.15,68.18,3.81
9.00,74.82,5.00
5.17,83.69,6.41
0.57,92.92,7.24
-2.30,102.05,7.33
-4.02,109.20,7.05
-3.06,115.79,6.58
-0.77,121.11,6.30
3.06,125.89,6.23
8.04,129.53,6.43
8.81,134.82,7.18
5.75,143.14,8.47
2.11,152.50,9.41
-1.72,160.92,9.72
-3.64,167.94,9.51
-3.06,174.80,9.07
0.19,179.71,8.81
4.21,184.90,8.83
5.17,192.61,9.39
4.02,200.16,10.08
1.92,207.86,10.62
-0.38,215.16,10.86
-1.53,221.90,10.82
-2.30,228.91,10.63
-2.11,235.23,10.38
-0.19,241.12,10.16
1.92,247.44,10.14
3.64,254.32,10.37
4.02,260.76,10.78
4.02,268.04,11.29
2.30,274.35,11.73
1.92,281.64,12.03
2.11,289.08,12.27
2.87,296.94,12.56
2.68,304.37,12.94
2.87,310.96,13.25
2.68,317.83,13.59
2.11,323.30,13.85
1.92,329.62,14.08
1.34,336.49,14.31
1.72,343.79,14.48
2.49,350.53,14.68
3.45,357.68,14.99
3.06,363.85,15.36
3.45,370.30,15.71
2.87,376.89,16.11
2.68,383.76,16.45
2.49,390.63,16.77
2.87,397.64,17.08
2.68,404.79,17.44
3.06,411.53,17.75
2.49,417.84,18.09
1.92,423.59,18.34
1.53,430.04,18.56
0.77,437.06,18.74
1.34,443.94,18.84
2.11,450.68,18.99
2.87,457.97,19.26
3.06,464.56,19.59
3.64,470.87,19.93
3.26,477.32,20.34
3.06,483.63,20.70
2.30,490.08,21.05
1.72,497.51,21.34
1.34,504.53,21.55
1.15,511.13,21.71
0.57,518.00,21.85
0.77,523.76,21.90
1.15,530.22,21.99
1.34,536.54,22.12
1.72,543.27,22.28
2.30,550.71,22.50
2.49,558.15,22.80
***********
0.00,0.00,0.00
0.19,0.14,0.00
1.53,1.40,0.00
5.94,4.91,0.10
6.32,13.01,0.94
3.64,23.90,2.15
0.77,34.13,2.80
-1.92,43.67,2.92
-3.45,52.09,2.64
-2.49,58.68,2.25
1.34,62.89,2.06
5.75,66.12,2.14
6.32,71.84,2.72
3.83,79.24,3.53
-0.38,87.09,4.06
-4.21,94.95,4.01
-5.36,102.51,3.45
-3.83,109.22,2.82
-1.34,115.24,2.42
-0.19,121.42,2.27
2.30,128.02,2.25
2.30,135.03,2.53
2.49,142.47,2.83
1.53,149.34,3.13
0.57,156.22,3.31
-0.38,162.54,3.38
-1.53,169.28,3.33
-2.11,175.59,3.16
-2.68,181.91,2.93
-2.68,189.20,2.59
-1.92,196.21,2.26
-0.00,202.95,2.03
1.53,209.41,2.03
1.72,216.01,2.21
1.15,222.60,2.41
0.38,229.34,2.54
-0.96,236.22,2.59
-1.53,242.82,2.48
-1.53,249.84,2.29
-0.19,256.71,2.11
0.38,263.31,2.09
0.19,269.63,2.13
-0.38,276.51,2.15
-0.96,283.67,2.10
-0.77,290.55,1.99
-0.38,297.57,1.90
0.57,304.17,1.85
1.15,311.05,1.92
1.34,316.80,2.04
0.96,323.26,2.19
0.57,330.00,2.30
0.19,337.02,2.37
0.57,344.04,2.39
0.77,351.48,2.47
1.34,358.36,2.56
1.34,365.10,2.72
0.38,371.97,2.88
-0.57,378.01,2.92
-0.38,384.89,2.85
-0.19,391.77,2.80
0.19,398.51,2.78
1.15,405.11,2.80
1.53,411.85,2.94
1.53,418.30,3.11
1.34,424.62,3.28
0.77,431.22,3.43
-0.38,437.68,3.52
-0.77,444.42,3.48
-0.38,451.44,3.38
0.96,458.03,3.34
1.53,464.91,3.45
1.15,471.93,3.64
0.19,478.25,3.77
-1.15,484.85,3.79
-2.11,491.16,3.66
-2.30,498.04,3.41
-0.57,504.63,3.15
1.15,511.51,3.08
1.72,517.83,3.20
1.15,524.14,3.39
0.38,530.88,3.53
-0.96,538.04,3.58
-1.72,544.78,3.46
-1.34,551.80,3.25
0.00,558.40,3.10
***********
0.00,0.00,0.00
0.00,0.00,0.00
1.53,1.12,0.00
5.55,4.35,0.09
9.58,11.20,0.75
8.04,22.00,2.57
4.41,32.98,4.13
1.34,42.50,4.86
-1.34,50.64,5.05
-2.30,58.08,4.88
-0.77,63.41,4.66
3.64,66.64,4.62
8.43,70.14,4.84
11.30,74.73,5.52
8.24,83.54,7.28
4.41,92.71,8.61
-0.38,102.09,9.33
-3.83,110.23,9.28
-3.64,116.82,8.84
-1.92,122.28,8.49
0.57,127.48,8.32
5.36,131.55,8.36
8.81,137.42,8.91
7.47,145.60,10.18
4.79,153.96,11.27
0.96,161.23,11.88
-1.34,168.53,12.00
-1.72,175.83,11.83
-0.96,182.29,11.64
0.77,188.61,11.53
2.30,195.62,11.63
4.21,202.64,11.91
5.75,208.80,12.36
5.17,215.37,13.02
3.45,221.94,13.62
1.72,228.25,14.00
0.57,234.98,14.20
0.00,241.02,14.26
0.19,247.62,14.26
1.72,254.64,14.28
2.30,261.80,14.50
3.26,268.39,14.76
3.45,275.26,15.16
3.45,281.99,15.56
2.87,288.57,15.96
2.30,296.29,16.34
2.68,303.58,16.64
2.68,310.31,16.95
2.49,316.91,17.26
3.06,322.94,17.52
3.45,329.11,17.85
3.45,335.27,18.23
3.26,342.42,18.66
3.45,349.57,19.06
3.83,356.86,19.50
3.26,363.16,19.92
3.64,369.33,20.27
3.64,376.34,20.72
3.83,383.76,21.19
4.02,390.91,21.67
4.02,398.19,22.18
3.64,405.19,22.68
3.45,411.78,23.09
2.87,418.65,23.51
1.53,424.68,23.81
1.72,430.99,23.98
1.53,438.15,24.20
1.92,444.89,24.38
2.68,451.62,24.60
4.02,458.21,24.91
4.41,464.94,25.38
5.36,471.52,25.89
4.41,478.09,26.51
3.64,484.81,27.02
2.87,490.97,27.42
3.06,497.56,27.75
2.30,504.29,28.11
2.11,510.89,28.37
1.92,518.04,28.63
1.92,525.34,28.88
2.11,532.22,29.11
2.11,538.67,29.35
2.11,545.12,29.58
2.30,551.44,29.82
3.45,558.17,30.09
***********
0.00,0.00,0.00
0.00,0.00,0.00
1.53,1.40,0.00
5.17,4.07,0.07
6.32,11.62,0.75
4.60,22.93,2.01
1.92,34.40,2.93
0.57,44.08,3.25
-0.96,52.51,3.34
-1.15,59.11,3.23
0.77,64.72,3.11
4.98,67.81,3.16
9.39,71.03,3.44
12.45,74.91,4.08
9.96,82.72,5.80
6.32,91.99,7.43
2.11,101.48,8.48
-1.53,109.47,8.78
-1.72,116.63,8.58
-0.77,122.39,8.41
1.72,128.42,8.33
4.02,134.60,8.52
8.43,140.34,8.92
8.81,146.73,9.87
7.28,154.22,11.03
4.41,161.33,11.94
1.15,168.18,12.46
-0.00,175.20,12.60
-0.00,181.66,12.60
0.96,187.98,12.60
2.87,194.72,12.72
5.17,201.73,13.07
4.98,208.30,13.66
4.98,215.02,14.25
3.45,221.73,14.83
2.11,228.60,15.25
1.72,235.61,15.51
2.11,242.35,15.71
2.49,249.09,15.96
2.87,256.38,16.27
3.26,263.67,16.64
3.06,270.54,17.03
3.45,276.71,17.36
3.26,283.02,17.74
3.06,289.61,18.12
3.45,297.18,18.52
4.41,304.04,18.93
4.41,310.76,19.45
4.21,317.90,20.00
4.21,324.62,20.50
4.21,331.35,20.99
4.21,338.07,21.49
4.60,344.79,21.98
4.60,351.51,22.52
4.21,358.78,23.11
4.02,365.92,23.63
3.64,373.21,24.15
3.45,380.07,24.58
4.02,386.66,24.98
4.21,393.24,25.44
4.79,399.83,25.93
3.64,405.98,26.44
3.26,412.43,26.85
2.87,419.44,27.25
3.26,426.17,27.59
3.64,433.18,27.99
4.79,440.18,28.43
4.79,446.62,28.97
5.17,453.05,29.51
4.21,459.91,30.13
3.45,466.07,30.59
2.87,473.78,31.05
2.49,480.79,31.40
2.49,487.52,31.70
2.68,493.83,31.97
4.21,499.72,32.25
4.02,506.02,32.71
4.98,512.33,33.15
5.17,518.62,33.70
4.60,525.75,34.35
3.26,532.89,34.92
2.87,539.90,35.32
2.68,546.77,35.67
2.30,553.50,35.98
2.68,559.96,36.24
***********
0.00,0.00,0.00
0.00,0.00,0.00
0.77,0.84,0.00
4.02,4.35,0.05
3.06,12.90,0.65
-0.00,24.39,1.26
-2.68,34.50,1.26
-5.17,43.90,0.82
-5.75,51.59,0.13
-3.26,57.32,-0.45
1.34,61.80,-0.70
6.13,65.31,-0.62
9.19,68.94,-0.23
7.28,76.70,1.02
2.49,85.48,2.14
-1.92,94.60,2.54
-4.79,102.59,2.27
-4.02,110.15,1.64
-2.68,116.45,1.20
-0.19,123.04,0.89
4.98,127.12,0.87
9.19,130.19,1.14
7.47,137.26,2.29
2.68,145.48,3.36
-1.34,154.03,3.76
-4.21,162.03,3.58
-4.60,169.59,3.02
-4.02,175.61,2.54
-2.30,181.91,2.09
-0.57,188.23,1.84
1.34,195.25,1.77
2.68,202.13,1.93
3.83,208.86,2.25
3.06,215.58,2.70
0.96,222.17,3.05
-1.34,228.35,3.15
-3.26,235.09,2.99
-3.26,241.54,2.63
-2.68,248.12,2.25
-0.19,254.72,1.94
1.72,261.74,1.92
2.87,268.47,2.12
2.11,275.48,2.48
1.15,283.20,2.76
0.19,290.36,2.90
-0.57,297.10,2.93
-0.38,303.42,2.86
-0.00,310.16,2.82
0.57,316.19,2.82
1.34,323.21,2.89
1.92,329.53,3.04
0.96,336.41,3.27
0.38,343.01,3.38
-0.19,349.32,3.42
0.96,355.50,3.40
1.34,363.08,3.52
1.53,370.24,3.69
1.34,377.12,3.88
1.15,384.00,4.04
1.15,390.17,4.16
1.34,396.21,4.28
0.77,403.09,4.44
1.53,410.39,4.54
1.34,416.98,4.72
1.15,424.42,4.89
0.96,431.30,5.03
0.19,438.04,5.14
0.38,444.64,5.16
0.57,450.68,5.20
1.53,456.71,5.26
2.49,463.59,5.45
2.87,470.33,5.74
1.92,476.92,6.07
1.53,483.65,6.30
1.15,490.11,6.47
0.96,496.71,6.60
1.15,503.58,6.72
1.53,510.60,6.86
1.53,517.34,7.04
0.77,524.08,7.22
0.57,530.40,7.30
-0.38,536.99,7.37
-0.19,543.87,7.32
0.57,550.05,7.30
2.30,556.65,7.37
***********
