0.00,0.00,0.00
0.00,0.00,0.00
-0.19,0.42,0.00
-1.53,8.14,-0.03
-1.92,23.02,-0.42
-2.30,37.90,-0.92
-2.30,48.00,-1.33
-1.92,52.77,-1.52
-2.11,53.47,-1.54
-2.30,54.17,-1.57
-3.64,59.64,-1.79
-5.94,70.29,-2.46
-6.32,84.54,-3.95
-4.79,97.37,-5.37
-2.11,106.33,-6.12
-0.57,111.66,-6.31
0.19,113.35,-6.33
1.34,114.47,-6.33
-0.77,121.35,-6.17
-3.64,133.28,-6.33
-5.55,145.61,-7.11
-7.28,155.25,-8.05
-8.62,162.08,-8.92
-10.15,167.08,-9.68
-11.30,171.22,-10.42
-12.26,176.04,-11.38
-12.64,182.90,-12.87
-13.41,191.12,-14.72
-14.75,200.55,-16.96
-17.05,209.24,-19.25
-20.11,216.75,-21.56
-22.98,222.95,-23.83
-25.28,228.90,-26.35
-26.62,235.12,-29.29
-27.58,241.77,-32.62
-29.69,248.36,-36.07
-31.41,255.32,-40.03
-32.75,262.63,-44.49
-35.82,270.42,-49.51
-39.27,277.02,-54.27
-42.52,282.57,-58.81
-45.97,287.53,-63.36
-48.84,291.93,-67.90
-50.95,296.08,-72.66
-52.87,300.33,-77.89
-54.97,304.99,-84.05
-57.27,309.83,-90.95
-59.95,314.38,-98.04
-62.44,318.11,-104.48
-64.36,321.49,-110.95
-65.70,324.46,-117.15
-67.23,327.47,-123.81
-69.53,330.19,-130.28
-72.21,332.94,-137.65
-75.47,335.55,-145.80
-78.53,337.53,-153.41
-81.40,339.17,-161.53
-84.09,340.31,-169.03
-85.81,341.07,-176.43
-88.11,341.56,-183.15
-90.22,341.78,-189.75
-92.13,341.75,-197.05
-94.43,341.46,-204.90
-97.30,340.82,-213.16
-99.98,339.79,-221.24
-102.47,338.55,-228.29
-104.96,337.18,-234.46
-107.07,335.26,-241.65
-109.37,332.95,-249.17
-111.67,330.34,-256.59
-114.35,327.75,-263.11
-117.03,324.86,-269.51
-119.33,321.79,-275.51
-121.63,318.49,-281.39
-123.74,314.89,-287.24
-126.03,310.67,-293.55
-128.33,306.21,-299.68
-130.63,301.86,-305.19
-132.93,296.92,-310.94
-134.46,291.57,-316.70
-135.80,285.96,-322.41
-136.95,280.33,-327.89
-139.06,274.68,-333.16
-142.12,268.95,-338.13
-145.57,262.53,-343.13
***********
0.00,0.00,0.00
0.19,0.42,0.00
-1.53,1.68,0.00
-5.17,11.09,-0.25
-6.70,25.91,-1.59
-6.90,40.83,-3.34
-5.36,50.87,-4.56
-4.21,55.34,-4.98
-0.19,58.28,-5.19
2.68,61.23,-5.20
0.38,68.80,-4.85
-3.64,79.62,-4.78
-6.70,90.26,-5.45
-7.85,100.03,-6.60
-7.28,107.40,-7.62
-5.75,112.69,-8.29
-4.60,118.56,-8.88
-4.02,124.86,-9.39
-4.21,131.72,-9.87
-5.36,139.84,-10.47
-8.04,147.95,-11.23
-10.73,156.01,-12.37
-13.60,163.87,-13.86
-14.17,171.65,-15.74
-14.75,178.32,-17.43
-15.71,184.71,-19.11
-17.81,191.33,-20.97
-19.92,198.41,-23.25
-22.41,205.41,-25.78
-24.90,212.55,-28.73
-27.58,219.68,-32.04
-29.50,225.90,-35.29
-30.07,232.14,-38.81
-32.37,237.97,-42.19
-34.29,244.13,-46.10
-36.39,250.98,-50.77
-39.46,257.99,-55.93
-42.71,263.95,-60.84
-45.40,268.49,-65.03
-48.46,272.63,-69.23
-50.76,276.91,-74.06
-51.72,281.62,-79.82
-52.67,286.75,-86.33
-54.21,291.18,-92.13
-56.70,295.53,-98.17
-60.34,299.93,-104.86
-63.78,303.82,-111.69
-66.66,306.86,-117.86
-69.15,309.36,-123.66
-70.49,311.61,-129.57
-71.64,313.95,-136.18
-73.36,316.48,-143.78
-76.04,319.05,-152.39
-79.11,321.15,-160.84
-82.17,322.53,-168.01
-85.04,323.47,-174.82
-87.92,324.01,-181.12
-90.02,324.24,-187.43
-91.56,324.24,-194.45
-92.71,324.03,-202.31
-94.24,323.63,-210.73
-96.34,322.99,-219.27
-99.41,322.06,-227.64
-103.43,320.89,-234.71
-107.07,319.36,-241.12
-109.18,317.59,-246.90
-111.48,315.37,-253.26
-113.20,312.75,-259.93
-114.73,309.77,-266.89
-117.03,306.59,-273.78
-119.33,303.15,-280.53
-121.63,299.71,-286.65
-124.31,295.88,-292.87
-127.18,291.84,-298.79
-130.44,287.69,-304.27
-133.31,283.41,-309.29
-134.65,278.88,-314.09
-134.84,273.45,-319.59
-135.04,267.41,-325.66
-136.19,261.25,-331.81
-138.87,254.77,-338.03
-142.12,248.53,-343.48
-145.38,242.21,-348.39
-150.36,236.20,-352.54
-155.34,229.86,-356.15
***********
0.00,0.00,0.00
0.19,0.14,0.00
-0.19,0.70,0.00
-0.19,9.69,-0.03
-0.00,23.59,-0.07
-0.38,36.79,-0.07
-2.30,45.77,-0.13
-3.83,46.89,-0.18
-3.83,46.89,-0.18
-3.83,46.89,-0.18
-6.13,51.38,-0.48
-6.32,68.27,-2.29
-4.79,87.25,-4.40
-3.06,101.38,-5.58
-3.26,108.81,-5.98
-5.75,110.91,-6.10
-6.13,111.19,-6.13
-4.98,112.31,-6.25
-5.36,120.98,-7.00
-6.70,133.42,-8.17
-8.24,145.70,-9.61
-10.53,155.14,-10.98
-13.22,161.49,-12.16
-16.09,164.09,-12.77
-15.32,168.14,-13.94
-14.56,174.10,-15.57
-15.13,182.39,-17.72
-16.47,191.74,-20.25
-18.96,200.49,-22.84
-22.41,207.93,-25.39
-26.05,213.77,-27.80
-29.88,217.55,-29.65
-32.37,221.57,-31.96
-31.99,227.97,-36.02
-31.22,235.59,-40.78
-31.22,243.28,-45.44
-32.37,250.96,-50.10
-36.39,258.20,-54.68
-41.56,263.74,-58.76
-46.93,268.36,-62.86
-50.18,272.48,-67.27
-50.38,276.89,-72.56
-49.23,281.72,-78.40
-49.61,286.49,-83.93
-51.72,291.68,-90.02
-55.74,297.16,-96.97
-60.34,301.74,-103.70
-64.17,305.63,-110.53
-66.85,308.45,-116.34
-69.53,310.88,-122.02
-71.06,313.14,-128.07
-72.59,315.23,-134.18
-75.08,317.54,-141.55
-77.19,319.67,-149.56
-79.68,321.45,-157.36
-83.13,322.91,-165.37
-86.19,323.75,-172.34
-88.68,324.17,-178.65
-90.60,324.30,-184.54
-91.36,324.23,-191.56
-92.13,324.05,-199.14
-93.66,323.75,-207.28
-95.96,323.19,-215.97
-99.22,322.36,-223.93
-103.43,321.23,-230.86
-105.92,319.77,-237.00
-108.60,317.99,-243.21
-110.71,315.80,-249.73
-112.24,313.02,-257.09
-114.16,310.15,-264.10
-116.46,307.05,-271.02
-118.95,303.73,-277.68
-121.63,300.20,-284.07
-124.31,296.37,-290.29
-126.80,292.65,-295.74
-130.25,288.95,-300.69
-132.55,284.96,-305.40
-133.70,280.02,-310.78
-134.46,274.39,-316.67
-135.23,268.49,-322.68
-137.14,262.71,-328.42
-139.82,256.74,-333.96
-143.46,251.27,-338.58
-147.68,245.40,-342.92
-151.13,239.23,-346.83
***********
0.00,0.00,0.00
0.38,0.56,0.00
3.83,3.37,0.02
3.64,13.88,0.72
1.72,28.17,1.63
-1.53,41.78,2.04
-2.87,51.75,1.77
-4.21,58.06,1.46
-4.98,62.26,1.15
-2.49,65.76,0.84
1.92,69.26,0.69
1.92,77.96,0.98
-1.72,90.17,1.39
-6.32,102.52,1.02
-9.77,113.13,-0.16
-11.30,120.32,-1.39
-11.68,125.00,-2.33
-12.26,128.99,-3.16
-12.83,134.07,-4.26
-13.98,141.19,-5.88
-14.37,149.91,-8.05
-14.75,159.16,-10.42
-16.28,167.57,-12.64
-18.39,175.53,-14.96
-21.26,182.59,-17.31
-23.94,189.65,-20.06
-27.01,195.30,-22.56
-28.92,201.05,-25.50
-29.88,207.57,-29.09
-31.60,214.51,-33.08
-33.33,221.32,-37.28
-35.24,227.42,-41.29
-37.16,233.16,-45.34
-39.07,239.42,-50.09
-41.56,245.85,-55.31
-43.86,252.37,-61.08
-46.16,258.44,-66.92
-48.84,263.50,-72.19
-52.10,267.47,-76.73
-56.12,271.18,-81.50
-58.42,275.09,-87.33
-58.80,279.07,-93.79
-59.76,283.21,-100.63
-61.68,287.45,-107.91
-64.17,291.38,-115.20
-67.42,294.75,-122.15
-70.68,297.39,-128.50
-72.79,299.57,-134.73
-75.28,301.44,-140.77
-77.38,303.05,-146.88
-79.68,304.83,-154.82
-81.79,306.31,-162.97
-84.47,307.52,-171.31
-86.19,308.29,-179.28
-87.92,308.80,-186.98
-90.41,309.04,-193.58
-93.09,308.99,-200.32
-95.39,308.58,-207.89
-97.11,307.83,-215.86
-98.64,306.82,-223.94
-101.13,305.62,-231.85
-104.77,304.08,-239.70
-107.84,302.14,-247.03
-111.48,300.03,-253.58
-114.35,297.52,-259.99
-116.26,294.74,-266.13
-117.99,291.69,-272.30
-119.90,288.27,-278.74
-121.63,284.70,-284.95
-123.74,280.94,-291.05
-126.23,276.81,-297.24
-128.52,272.49,-303.13
-131.21,268.12,-308.62
-134.27,263.31,-314.11
-136.95,258.61,-318.94
-138.48,253.48,-323.73
-139.63,247.80,-328.75
-140.02,242.24,-333.48
-141.36,235.89,-338.81
-143.27,229.09,-344.24
-146.34,221.89,-349.62
-150.36,214.76,-354.36
-154.00,208.05,-358.18
-158.02,201.61,-361.32
-162.62,196.40,-363.42
***********
-0.57,-0.42,0.00
0.38,0.56,-0.01
4.02,3.51,0.01
3.64,13.31,0.70
1.72,26.49,1.54
-0.77,39.82,1.94
-3.83,47.96,1.83
-4.41,54.55,1.39
-3.26,59.87,0.98
-2.87,64.91,0.69
-3.45,70.66,0.40
-4.41,78.09,-0.04
-4.79,86.49,-0.69
-4.79,95.44,-1.44
-5.17,103.56,-2.12
-5.55,110.83,-2.78
-6.32,117.54,-3.43
-6.90,123.82,-4.13
-8.43,130.51,-4.94
-10.15,138.15,-6.07
-11.88,145.75,-7.43
-12.45,153.58,-9.08
-12.45,161.26,-10.77
-13.22,168.94,-12.47
-15.13,175.50,-14.01
-17.81,181.73,-15.69
-19.73,188.15,-17.76
-20.69,195.42,-20.36
-21.45,203.04,-23.24
-22.41,210.75,-26.27
-24.13,217.89,-29.21
-26.82,224.80,-32.31
-30.26,231.07,-35.48
-33.14,237.01,-38.95
-35.63,243.48,-43.17
-37.16,250.10,-47.91
-39.46,257.04,-53.17
-41.56,262.78,-57.90
-43.48,267.82,-62.37
-45.97,272.61,-66.91
-48.46,277.59,-72.06
-51.33,282.34,-77.42
-54.01,286.72,-82.90
-56.89,291.10,-88.92
-58.42,295.24,-95.27
-60.34,299.65,-102.45
-62.25,303.68,-109.53
-64.55,307.08,-115.99
-66.85,310.10,-122.33
-69.91,312.53,-128.01
-72.40,314.50,-133.41
-75.08,316.80,-140.64
-77.77,318.89,-148.51
-80.06,320.68,-156.74
-82.36,322.03,-164.49
-83.70,322.95,-171.31
-86.00,323.72,-178.28
-88.11,324.18,-184.87
-90.02,324.42,-192.16
-91.75,324.42,-199.61
-94.43,324.19,-206.90
-97.11,323.61,-214.46
-99.60,322.58,-222.68
-102.09,321.25,-230.57
-104.58,319.69,-237.85
-106.69,317.96,-244.51
-108.41,315.98,-251.10
-111.28,313.72,-257.89
-113.97,311.07,-264.70
-117.03,307.99,-271.62
-119.90,304.86,-277.75
-121.63,301.15,-284.20
-123.35,297.55,-290.06
-125.08,293.45,-296.28
-126.99,288.94,-302.71
-129.10,284.29,-308.88
-131.59,279.42,-314.87
-133.70,274.67,-320.23
-136.19,269.72,-325.41
-138.68,264.15,-330.75
-141.36,258.03,-336.13
-143.08,251.34,-341.48
-146.34,244.94,-346.29
-149.78,238.40,-350.65
-153.62,231.85,-354.46
***********
