-2.68,2.53,0.00
-6.70,8.83,-0.30
-2.30,16.49,-1.20
-1.91,23.78,-1.49
-3.83,31.64,-1.75
-1.53,38.91,-2.24
-5.74,46.49,-2.44
-2.49,54.44,-3.24
-2.30,61.87,-3.56
-7.66,69.44,-3.87
-9.76,77.09,-4.89
-7.85,84.83,-6.23
-11.87,91.64,-7.16
-14.93,99.05,-8.72
-12.82,107.05,-10.85
-17.80,114.44,-12.53
-21.05,121.25,-14.72
-19.52,127.80,-17.24
-25.26,134.41,-19.59
-25.84,140.88,-22.64
-25.84,147.44,-25.82
-31.00,153.38,-28.69
-31.19,159.51,-32.38
-30.62,166.11,-36.37
-35.21,172.39,-40.09
-41.15,178.24,-44.21
-41.34,183.83,-49.11
-41.53,189.63,-54.20
-46.51,194.88,-58.85
-48.61,200.00,-64.25
-47.65,204.91,-69.83
-52.44,210.11,-75.53
-57.22,214.47,-81.20
-54.35,218.65,-87.69
-58.75,222.98,-93.73
-63.54,226.55,-99.61
-61.05,229.86,-106.26
-64.69,233.46,-112.77
-69.85,236.52,-119.24
-71.00,238.94,-125.82
-70.43,241.26,-132.59
-75.79,243.80,-139.72
-77.13,245.70,-147.20
-77.13,247.32,-154.32
-82.29,248.98,-161.56
-86.31,249.94,-168.65
-84.21,250.40,-175.79
-89.18,251.13,-183.05
-91.86,251.24,-190.63
-91.48,250.98,-198.76
-96.65,250.78,-206.47
-98.37,249.95,-213.58
-98.56,248.79,-221.49
-104.49,247.68,-228.84
-105.26,245.92,-235.63
-105.07,243.89,-243.08
-110.23,242.03,-249.99
-112.53,239.51,-256.83
-112.91,236.61,-263.83
-117.89,233.66,-270.81
-118.66,230.11,-277.50
-117.89,226.62,-283.90
-123.44,223.40,-289.98
-128.99,219.46,-295.95
-125.93,214.87,-301.62
-130.14,210.59,-307.53
-134.92,205.79,-313.21
-134.54,200.64,-318.38
-133.01,196.31,-322.78
-138.37,191.72,-327.70
-143.53,186.37,-332.45
-141.81,180.62,-336.71
-147.55,174.88,-341.22
-147.36,168.85,-345.06
-146.98,162.70,-348.99
-152.15,155.76,-353.50
-157.31,148.69,-357.24
-157.51,141.32,-360.32
-157.70,133.67,-363.49
-161.72,126.79,-366.31
-167.07,119.60,-368.69
-167.65,112.35,-370.35
-166.31,105.09,-371.94
-170.71,97.32,-373.83
-175.50,89.98,-375.03
***********
-2.68,3.09,0.00
-3.06,9.53,-0.30
-0.38,16.54,-0.68
-4.59,24.11,-0.73
-0.77,31.94,-1.36
-4.98,39.52,-1.46
-5.17,47.21,-2.13
-5.17,55.31,-2.86
-9.57,62.71,-3.53
-9.76,69.49,-4.67
-9.38,76.68,-5.91
-14.54,84.29,-7.17
-15.31,92.17,-9.21
-14.54,98.94,-11.06
-19.33,105.86,-12.86
-23.73,112.61,-15.23
-21.82,119.55,-18.28
-26.79,125.80,-20.78
-28.32,132.06,-23.94
-28.13,138.36,-27.33
-32.34,144.30,-30.51
-36.17,150.93,-34.71
-34.07,157.39,-39.43
-39.62,163.55,-43.60
-42.10,168.84,-47.98
-41.34,174.26,-52.87
-46.89,179.63,-57.60
-49.18,184.61,-62.92
-48.04,189.20,-68.23
-52.82,194.17,-73.76
-56.46,198.83,-79.91
-54.16,202.55,-85.52
-59.33,206.74,-91.32
-62.77,210.32,-97.35
-61.24,213.66,-103.84
-65.83,217.03,-109.99
-70.43,219.79,-116.13
-67.75,222.33,-123.27
-72.15,225.25,-130.41
-77.32,227.62,-137.76
-74.64,229.28,-145.15
-80.38,231.14,-151.91
-82.29,232.22,-158.27
-82.10,233.21,-165.64
-87.84,234.18,-172.59
-88.23,234.45,-179.88
-88.42,234.69,-187.59
-93.01,234.91,-195.44
-98.18,234.50,-203.15
-95.50,233.38,-210.93
-100.28,232.70,-218.05
-104.11,231.40,-225.23
-102.39,229.52,-232.71
-106.98,228.01,-239.56
-110.23,225.92,-246.40
-109.85,223.30,-253.51
-114.83,220.73,-260.64
-116.93,217.49,-267.64
-116.55,214.18,-274.14
-122.10,211.11,-280.29
-123.06,207.16,-286.59
-123.44,203.03,-292.94
-128.42,199.16,-298.79
-131.86,194.80,-304.29
-129.95,190.31,-309.30
-133.97,185.72,-314.79
-139.52,180.55,-320.14
-136.07,175.22,-324.69
-140.47,170.27,-329.46
-145.07,165.07,-333.75
-143.34,159.21,-337.85
-148.89,153.47,-342.12
-149.47,147.10,-345.96
-149.28,140.22,-350.02
-154.06,133.34,-354.11
-158.85,126.15,-357.61
-161.14,119.09,-360.34
-160.19,111.78,-362.83
-164.97,104.52,-365.45
-170.33,97.21,-367.41
-170.33,90.02,-368.64
-164.97,82.83,-369.86
-168.99,75.37,-371.87
-175.11,68.49,-373.21
-176.26,63.18,-373.66
***********
-3.06,2.53,0.00
-5.36,8.13,-0.30
-0.38,15.11,-0.95
-3.83,22.97,-1.01
0.19,29.55,-1.45
-3.44,36.70,-1.42
-3.64,44.12,-1.87
-3.06,51.82,-2.36
-7.85,59.25,-2.76
-4.21,66.61,-3.77
-8.23,73.75,-4.30
-11.48,80.83,-5.32
-9.57,88.53,-6.89
-13.97,96.42,-8.21
-18.76,103.63,-10.01
-15.88,110.94,-12.49
-19.71,117.41,-14.33
-22.97,123.62,-16.56
-22.58,130.08,-19.29
-28.13,136.17,-21.83
-26.03,142.23,-25.07
-29.47,148.53,-28.15
-34.45,154.88,-31.73
-31.96,161.48,-36.26
-36.36,168.26,-40.49
-41.53,174.02,-44.73
-42.68,179.27,-49.38
-41.53,184.64,-54.33
-46.31,189.57,-58.70
-49.57,194.32,-63.67
-47.65,199.23,-69.44
-52.44,204.43,-75.14
-57.22,209.14,-81.26
-54.35,213.01,-87.27
-58.95,217.42,-93.43
-64.30,221.33,-99.92
-63.73,224.31,-106.11
-63.35,227.54,-112.65
-68.32,230.94,-119.42
-73.30,233.43,-125.68
-74.06,235.52,-132.67
-73.49,237.72,-140.36
-79.23,239.87,-147.62
-81.34,241.21,-154.65
-80.00,242.29,-161.72
-85.55,243.58,-169.05
-88.42,244.16,-176.46
-87.08,244.36,-183.89
-92.25,244.74,-191.32
-95.88,244.43,-199.31
-94.54,243.72,-206.15
-99.71,243.13,-213.56
-100.28,241.88,-220.89
-100.28,240.58,-228.06
-106.02,239.33,-234.97
-107.75,237.43,-241.57
-107.94,235.16,-248.65
-113.68,232.83,-255.86
-114.83,229.90,-262.54
-114.83,226.72,-269.42
-120.00,223.48,-276.42
-123.63,220.18,-282.13
-121.91,216.22,-288.09
-127.08,212.44,-294.16
-128.03,208.29,-299.65
-128.42,203.80,-305.39
-133.01,199.44,-310.89
-137.41,194.37,-316.32
-134.54,188.48,-321.74
-138.75,183.36,-326.94
-143.92,178.41,-331.28
-141.81,172.40,-335.66
-147.36,167.22,-339.74
-148.51,161.78,-343.22
-148.13,155.56,-347.03
-153.49,148.89,-351.18
-154.64,141.86,-354.68
-154.25,134.51,-358.17
-158.65,127.81,-361.40
-164.78,120.75,-364.16
-164.78,113.44,-366.15
-161.52,106.27,-368.10
-166.50,99.08,-370.50
-171.67,92.13,-372.17
-169.37,85.74,-373.11
***********
-0.96,2.38,0.00
-3.25,8.56,-0.10
0.19,15.84,-0.52
-3.64,23.42,-0.49
-0.38,30.56,-0.95
-5.74,38.41,-1.00
-2.30,45.95,-1.76
-6.12,53.52,-2.06
-8.42,60.77,-2.84
-7.27,68.54,-3.99
-12.44,75.92,-4.93
-12.82,83.32,-6.56
-12.44,90.70,-8.24
-17.03,97.28,-9.69
-20.86,104.25,-11.83
-18.95,111.60,-14.63
-23.92,118.50,-17.00
-26.41,124.78,-19.78
-25.64,130.56,-22.65
-30.43,137.26,-25.87
-31.96,144.04,-29.85
-31.77,150.34,-33.79
-37.13,156.55,-37.63
-38.47,162.47,-42.12
-37.13,168.08,-46.57
-42.10,173.44,-50.63
-47.27,178.96,-55.62
-48.04,183.72,-60.77
-47.84,188.69,-66.30
-53.01,193.49,-71.60
-54.93,197.88,-77.43
-53.59,202.48,-83.97
-58.18,206.98,-90.07
-62.96,210.90,-96.39
-64.69,214.15,-102.76
-63.35,217.09,-108.97
-68.13,220.17,-115.12
-71.58,222.89,-121.89
-69.85,225.24,-128.94
-75.21,227.85,-136.05
-78.08,229.60,-142.70
-76.74,231.08,-149.70
-82.29,232.85,-157.21
-85.74,233.83,-164.44
-83.82,234.37,-171.72
-88.99,235.17,-179.11
-91.29,235.30,-186.40
-91.29,235.13,-193.69
-96.65,234.96,-201.27
-97.41,234.12,-208.51
-97.60,233.12,-216.17
-102.77,232.14,-223.54
-105.45,230.53,-230.65
-104.68,228.43,-238.22
-110.43,226.51,-245.55
-112.53,224.02,-252.26
-112.15,221.11,-259.25
-117.32,218.31,-266.14
-118.46,215.09,-272.37
-118.46,211.48,-279.03
-124.01,208.07,-285.32
-124.59,204.07,-291.25
-124.01,200.17,-296.91
-128.42,196.48,-302.38
-134.16,191.94,-308.09
-134.92,187.06,-313.12
-134.16,181.91,-318.29
-139.32,177.12,-323.22
-140.66,171.69,-327.88
-139.32,166.59,-332.06
-144.68,161.27,-336.64
-149.47,155.21,-340.93
-147.75,149.04,-344.57
-152.72,142.16,-348.91
-154.06,135.55,-352.32
-154.25,128.61,-355.69
-159.04,121.41,-359.17
-163.63,114.08,-361.98
-163.44,106.67,-364.15
-160.19,99.28,-366.35
-164.40,92.41,-368.83
-169.56,85.79,-370.67
-170.52,80.14,-371.72
-166.31,76.54,-372.32
-163.25,72.45,-373.31
***********
-2.11,2.95,0.00
-6.51,9.82,-0.25
-1.91,17.06,-1.08
-5.74,24.35,-1.32
-2.11,31.75,-2.07
-6.51,39.18,-2.34
-6.89,46.99,-3.23
-3.83,54.23,-4.11
-8.42,62.07,-4.63
-8.99,69.15,-5.68
-7.27,75.11,-6.62
-12.44,82.20,-7.53
-15.31,89.46,-9.13
-14.16,96.23,-10.98
-18.95,103.98,-12.94
-19.71,110.62,-15.21
-19.14,117.35,-17.63
-24.69,124.38,-20.06
-28.32,130.88,-23.05
-26.60,136.93,-26.31
-31.39,143.33,-29.52
-32.15,149.79,-33.46
-31.77,155.73,-37.20
-37.13,161.93,-41.04
-40.38,167.64,-45.36
-40.00,173.62,-50.45
-44.97,179.21,-55.13
-47.27,184.17,-60.09
-46.70,189.03,-65.35
-52.44,194.03,-70.66
-52.63,198.56,-76.55
-52.63,203.16,-82.57
-57.80,207.67,-88.48
-62.01,211.26,-94.18
-59.33,214.69,-100.62
-63.35,218.62,-107.26
-67.94,221.90,-113.78
-68.90,224.58,-120.41
-68.71,227.16,-127.08
-74.64,229.66,-133.49
-75.98,231.55,-140.39
-75.60,233.39,-147.74
-80.76,235.24,-154.94
-83.82,236.50,-162.69
-81.53,237.22,-169.39
-86.31,238.28,-176.46
-90.33,238.72,-183.32
-88.42,238.68,-190.62
-94.35,238.88,-198.05
-95.88,238.33,-205.32
-95.69,237.57,-212.72
-101.43,236.81,-220.26
-102.77,235.29,-227.82
-102.77,233.61,-235.21
-108.51,231.94,-242.60
-110.62,229.84,-248.85
-110.23,227.27,-255.68
-116.36,224.75,-262.52
-116.74,221.64,-268.81
-116.55,218.04,-275.95
-121.33,214.71,-282.60
-124.78,210.92,-288.83
-123.06,206.52,-295.17
-128.03,202.54,-301.28
-132.24,198.56,-306.37
-130.33,193.47,-311.97
-135.50,189.02,-317.21
-136.26,184.02,-322.13
-136.26,178.75,-327.17
-142.00,173.48,-332.22
-144.49,167.62,-336.80
-144.30,161.57,-341.11
-149.28,155.87,-345.21
-150.42,149.60,-348.93
-150.62,142.64,-352.88
-155.78,135.92,-356.67
-159.99,129.01,-359.77
-157.12,121.76,-362.41
-160.95,115.04,-365.25
-165.93,107.88,-367.72
-165.93,100.53,-369.56
-162.48,92.91,-371.48
-167.46,86.22,-373.59
-173.01,81.16,-374.71
-170.52,76.56,-375.28
***********
