0.00,0.00,0.00
-0.19,1.54,0.00
-0.38,7.01,-0.02
-0.38,14.03,-0.07
-0.38,19.36,-0.10
-0.77,27.50,-0.16
-0.57,33.25,-0.23
-0.96,41.38,-0.31
-1.53,48.26,-0.43
-4.21,56.11,-0.64
-4.78,64.92,-1.29
-4.98,70.38,-1.74
-5.74,80.72,-2.64
-5.55,84.77,-3.05
-5.74,93.28,-3.88
-7.85,100.12,-4.57
-6.51,108.05,-5.66
-6.89,114.46,-6.39
-7.46,124.35,-7.58
-5.55,129.91,-8.31
-5.74,136.75,-8.98
-5.93,142.75,-9.58
-2.49,152.80,-10.63
-2.49,158.69,-10.88
-2.49,166.26,-11.21
-2.11,171.30,-11.43
-2.30,179.01,-11.71
-2.49,185.60,-11.98
-1.91,193.31,-12.31
-1.15,203.40,-12.65
-8.04,209.01,-12.76
-4.98,218.46,-14.10
-4.59,222.37,-14.44
-3.44,233.56,-15.33
-2.87,237.62,-15.58
-3.64,246.87,-16.04
-3.83,253.45,-16.46
-3.83,259.05,-16.84
-4.40,269.55,-17.54
-4.40,274.30,-17.90
-4.78,279.34,-18.29
-5.36,291.50,-19.31
-5.36,296.53,-19.78
-5.74,303.51,-20.44
-5.93,313.14,-21.41
-6.32,319.00,-22.01
-6.70,325.70,-22.75
-4.21,335.87,-23.95
-4.02,341.89,-24.39
-4.59,347.34,-24.78
-4.59,357.13,-25.56
-6.32,363.42,-26.07
-7.46,370.40,-26.84
-2.87,379.30,-28.01
-8.04,383.08,-28.20
-5.36,394.47,-29.80
-4.98,401.74,-30.49
-5.36,407.61,-31.00
-5.74,416.54,-31.83
-4.21,422.41,-32.42
-3.44,427.72,-32.82
-3.83,438.37,-33.46
-4.40,444.11,-33.84
-4.59,449.00,-34.22
-4.98,461.03,-35.18
-5.36,465.22,-35.55
-5.93,475.98,-36.56
-6.12,480.86,-37.06
-6.32,487.14,-37.74
-6.89,495.08,-38.62
-7.08,501.07,-39.34
-7.46,509.15,-40.34
-6.32,515.27,-41.15
-5.55,523.91,-42.10
-5.74,529.36,-42.63
-6.12,539.13,-43.61
-5.93,546.24,-44.38
-6.32,552.66,-45.04
-5.17,562.98,-46.19
-5.36,567.31,-46.58
-5.55,577.51,-47.53
-5.36,583.51,-48.12
-5.36,588.82,-48.62
-5.93,595.11,-49.21
-1.53,605.85,-50.32
***********


