-2.87,2.38,0.00
-8.42,7.29,-0.25
-8.23,13.26,-1.13
-6.70,19.92,-2.09
-6.32,28.00,-3.04
-3.64,35.25,-3.84
-4.02,42.53,-4.31
-3.25,49.53,-4.80
-2.87,56.53,-5.20
-1.53,63.40,-5.54
-3.06,70.13,-5.72
-2.49,77.27,-6.10
-2.30,83.58,-6.38
-1.15,90.03,-6.64
-0.96,96.90,-6.77
-1.15,104.62,-6.90
-0.96,111.77,-7.05
-0.00,118.64,-7.16
-2.30,125.38,-7.16
-1.91,132.39,-7.44
-2.11,139.54,-7.68
-1.72,146.55,-7.94
-1.91,153.70,-8.15
-1.72,161.13,-8.40
-1.34,167.58,-8.60
-3.25,173.47,-8.73
-0.57,180.47,-9.13
-2.87,187.77,-9.20
-0.96,195.05,-9.57
-2.30,202.21,-9.69
-0.77,209.22,-9.97
-3.06,216.51,-10.07
-1.15,223.24,-10.43
-4.21,230.25,-10.57
-0.57,237.38,-11.09
-4.78,244.40,-11.16
-0.38,251.53,-11.76
-4.40,258.96,-11.81
-0.77,266.66,-12.40
1.15,273.11,-12.49
-4.21,279.56,-12.36
-4.59,286.84,-12.90
0.38,294.39,-13.50
-2.49,301.82,-13.45
-2.87,308.55,-13.74
0.57,315.56,-14.10
-3.44,322.99,-14.02
-3.44,330.55,-14.48
1.53,338.11,-14.93
-2.30,345.41,-14.74
-2.49,352.28,-15.01
0.96,359.28,-15.32
-3.44,367.00,-15.19
-3.25,373.58,-15.58
1.53,380.72,-15.99
-2.68,388.02,-15.80
-2.87,395.44,-16.14
1.72,402.73,-16.51
-2.87,410.30,-16.28
-2.49,417.31,-16.63
1.72,424.03,-16.92
-3.25,431.05,-16.71
0.38,438.47,-17.14
0.38,446.04,-17.08
-3.64,452.92,-17.04
0.96,459.92,-17.48
-2.49,467.49,-17.36
0.38,473.80,-17.63
-2.30,480.53,-17.59
-0.57,487.68,-17.87
-1.91,494.28,-17.94
-1.15,501.01,-18.16
-1.72,508.16,-18.31
-0.38,514.75,-18.51
-2.68,521.76,-18.55
-1.34,529.19,-18.90
-1.72,536.76,-19.08
-1.53,543.92,-19.29
-1.34,550.79,-19.48
-1.15,557.94,-19.64
-1.53,565.23,-19.79
-0.77,572.25,-19.98
-2.30,579.26,-20.07
-1.91,586.27,-20.35
-2.30,593.56,-20.59
***********
