0.00,0.00,0.00
0.00,0.00,0.00
0.39,1.14,0.00
1.16,10.79,0.07
2.13,19.72,0.25
3.87,23.55,0.39
5.23,32.47,0.99
4.26,43.64,2.01
1.94,51.00,2.56
0.58,57.95,2.80
-0.39,65.47,2.87
-1.94,72.85,2.82
-3.10,80.51,2.56
-4.26,88.73,2.12
-5.81,95.24,1.63
-6.97,101.73,0.97
-9.10,108.35,0.16
-14.91,112.56,-0.51
-16.07,121.61,-2.92
-16.26,133.20,-6.26
-16.65,136.20,-7.13
-16.65,140.82,-8.51
-17.23,153.46,-12.30
-19.17,158.62,-13.89
-21.68,164.92,-16.08
-22.65,175.07,-20.12
-24.01,178.61,-21.60
-27.10,184.57,-24.25
-28.85,195.05,-29.62
-30.40,199.78,-32.22
-33.11,204.43,-34.95
-34.85,212.87,-40.45
-36.20,220.67,-45.89
-37.17,222.85,-47.48
-39.49,227.60,-51.08
-41.62,237.35,-59.11
-44.14,242.54,-63.73
-45.11,244.68,-65.81
-47.82,252.09,-73.25
-51.50,258.10,-79.87
-53.82,260.04,-82.32
-56.53,264.06,-87.81
-59.05,270.56,-97.64
-62.34,273.26,-102.14
-63.50,275.37,-106.17
-65.44,280.56,-116.58
-69.31,283.27,-122.52
-70.66,284.73,-126.37
-72.21,288.58,-137.35
-77.44,290.79,-144.24
-81.51,291.75,-148.53
-83.64,293.03,-157.10
-87.31,293.61,-162.32
-88.67,293.83,-166.99
-90.02,294.13,-179.90
-91.19,294.13,-183.31
-92.15,294.01,-188.84
-95.45,293.55,-201.18
-99.12,293.27,-204.15
-101.45,292.19,-210.87
-102.22,289.82,-222.56
-105.32,288.62,-228.11
-107.25,287.79,-231.12
-109.77,284.64,-241.28
-111.51,281.04,-251.30
-112.29,279.79,-254.47
-113.26,278.12,-258.54
-115.19,273.19,-270.01
-117.32,271.07,-274.51
-120.81,268.86,-278.79
-123.13,263.19,-288.30
-127.97,259.85,-293.41
-130.49,256.45,-297.77
-132.42,250.00,-305.33
-133.97,244.64,-311.20
-134.94,242.96,-312.93
-136.29,234.64,-321.27
-138.62,226.43,-329.12
-143.46,222.07,-332.96
-148.10,219.33,-334.99
-151.78,214.87,-337.76
-153.72,207.62,-341.66
-154.30,205.20,-342.85
-155.07,204.69,-343.10
-157.40,200.57,-345.01
***********
0.00,0.00,0.00
0.00,0.00,0.00
0.00,0.00,0.00
0.00,0.00,0.00
0.39,0.28,0.00
3.48,2.55,0.02
6.00,7.80,0.33
3.87,17.82,1.39
4.45,26.17,1.95
3.48,33.95,2.56
2.52,42.03,3.05
0.19,49.26,3.37
-0.58,57.49,3.40
-2.13,65.15,3.32
-3.29,71.68,3.08
-4.45,79.33,2.64
-6.20,86.54,2.07
-10.07,91.34,1.55
-10.07,100.84,-0.13
-10.07,104.75,-0.83
-10.26,109.08,-1.60
-11.42,122.77,-4.07
-12.58,133.06,-6.15
-13.94,136.80,-6.99
-17.62,141.35,-8.12
-19.17,152.17,-11.55
-20.33,159.14,-13.98
-21.49,162.60,-15.26
-22.46,173.03,-19.36
-25.36,181.30,-22.78
-27.68,184.12,-24.12
-29.43,191.78,-28.14
-32.33,201.30,-33.51
-35.04,202.98,-34.57
-37.17,208.56,-38.48
-38.53,218.85,-46.29
-39.30,222.18,-48.94
-40.08,225.69,-51.81
-42.01,235.25,-59.85
-45.88,241.79,-65.74
-48.98,243.37,-67.37
-52.08,248.02,-72.73
-54.60,255.09,-81.79
-57.50,256.49,-83.76
-59.44,260.30,-89.75
-61.37,266.07,-99.52
-62.53,267.70,-102.51
-64.28,271.30,-109.44
-66.02,277.03,-121.33
-68.15,278.59,-124.83
-70.08,281.02,-130.89
-72.99,284.94,-141.69
-76.86,285.77,-144.41
-79.96,287.44,-151.60
-81.70,289.10,-160.96
-83.64,289.43,-163.20
-85.96,290.53,-173.08
-88.28,291.31,-184.12
-90.41,291.43,-188.23
-93.12,291.39,-193.91
-94.86,290.80,-204.82
-97.77,290.16,-212.32
-103.00,289.64,-216.11
-105.51,287.95,-223.44
-106.87,285.03,-233.97
-107.64,284.21,-236.69
-108.80,282.49,-242.10
-110.35,278.09,-254.99
-111.32,276.46,-259.38
-112.68,274.97,-263.22
-115.39,270.04,-275.00
-119.26,267.49,-280.39
-120.23,266.03,-282.99
-122.36,260.25,-292.92
-125.26,254.40,-302.15
-130.49,251.04,-306.90
-135.71,248.55,-309.82
-139.97,244.28,-313.98
-140.36,235.59,-321.28
-141.52,229.69,-326.17
-141.91,228.80,-326.88
-144.23,220.31,-333.53
-146.17,210.87,-340.33
-149.46,206.98,-342.94
-150.81,206.12,-343.44
***********
0.00,0.00,0.00
0.00,0.00,0.00
0.00,0.00,0.00
0.00,0.00,0.00
2.90,2.41,0.00
4.07,8.08,0.29
1.55,15.30,0.80
3.10,24.38,1.05
1.94,32.32,1.48
1.36,40.40,1.75
0.97,48.91,1.95
0.19,55.16,2.06
-0.39,62.39,2.08
-1.55,70.77,2.02
-3.10,77.86,1.83
-4.45,86.22,1.38
-6.58,92.87,0.86
-9.87,97.24,0.36
-10.65,106.19,-1.20
-11.23,113.58,-2.59
-11.81,117.62,-3.39
-12.97,129.01,-5.77
-12.97,133.44,-6.79
-13.36,137.86,-7.81
-15.10,151.53,-11.06
-18.97,158.66,-12.98
-20.13,161.61,-14.00
-22.07,172.53,-18.00
-25.17,178.06,-20.24
-25.56,181.65,-21.93
-27.68,192.28,-27.01
-31.36,197.68,-29.85
-32.52,201.56,-32.21
-34.27,210.54,-37.93
-36.01,218.63,-43.45
-40.85,223.11,-46.70
-44.33,226.76,-49.86
-45.88,232.85,-55.81
-48.59,238.77,-61.92
-53.43,241.12,-64.58
-54.98,245.86,-70.97
-56.53,251.07,-78.40
-57.69,252.63,-80.77
-59.63,258.70,-90.37
-60.79,263.29,-98.20
-63.11,264.54,-100.43
-64.66,268.78,-108.79
-66.99,273.27,-118.28
-69.12,274.32,-120.76
-70.28,277.26,-128.45
-71.44,280.61,-137.80
-74.15,281.42,-140.22
-76.67,284.33,-150.46
-78.60,286.36,-159.02
-81.12,287.01,-162.22
-83.64,288.69,-173.02
-87.31,289.37,-179.09
-87.70,289.55,-183.06
-90.22,290.04,-195.11
-92.54,290.01,-202.77
-94.28,289.83,-206.88
-96.99,288.92,-219.05
-100.48,288.16,-225.25
-101.06,287.51,-228.74
-104.16,285.33,-239.88
-108.42,283.80,-245.94
-110.74,282.91,-248.63
-113.64,279.14,-258.58
-116.93,275.78,-266.26
-122.36,273.98,-269.80
-125.07,270.49,-275.31
-126.61,264.45,-283.91
-128.74,262.17,-286.98
-131.07,257.91,-292.30
-132.42,249.42,-302.03
-133.39,246.26,-305.49
-134.55,243.53,-308.38
-136.88,234.57,-317.48
-139.20,227.53,-324.08
-141.33,222.05,-328.81
-146.36,217.84,-332.18
-151.40,214.53,-334.38
-153.33,207.80,-338.05
-154.69,201.08,-341.42
-154.69,201.08,-341.42
***********
0.00,0.00,0.00
0.00,0.00,0.00
0.00,0.00,0.00
0.00,0.00,0.00
0.39,0.28,0.00
2.90,2.70,0.02
3.48,10.49,0.41
3.48,20.97,1.05
2.32,28.06,1.48
1.36,31.60,1.63
0.39,42.24,1.88
-2.32,51.04,1.94
-7.36,55.58,1.75
-7.94,64.45,0.61
-7.94,71.76,-0.41
-8.91,74.71,-0.82
-9.68,86.76,-2.71
-10.45,91.52,-3.52
-11.23,95.71,-4.30
-12.20,110.32,-7.20
-14.91,117.26,-8.70
-14.71,120.69,-9.61
-16.46,132.36,-12.67
-19.75,138.75,-14.56
-21.10,142.09,-15.76
-22.46,152.29,-19.70
-25.75,158.45,-22.24
-27.49,162.67,-24.28
-29.23,172.61,-29.45
-32.14,179.92,-33.54
-35.62,182.56,-35.20
-37.17,188.56,-39.50
-39.11,197.84,-46.53
-39.88,200.92,-49.04
-40.46,204.95,-52.41
-42.20,214.77,-60.79
-45.69,219.19,-64.79
-46.27,222.06,-67.74
-48.40,230.40,-76.45
-51.88,234.17,-80.70
-52.85,236.54,-83.71
-55.56,243.74,-93.22
-58.85,248.79,-100.59
-64.66,250.99,-104.23
-68.34,253.00,-108.47
-69.70,256.61,-117.57
-70.86,257.79,-120.76
-72.79,260.03,-127.20
-75.12,263.30,-137.77
-80.34,264.51,-142.30
-82.09,266.00,-151.11
-83.64,267.49,-161.79
-84.22,267.91,-165.60
-84.22,268.29,-169.27
-86.35,269.64,-182.69
-87.31,269.98,-187.93
-89.25,270.21,-192.75
-92.15,270.38,-205.94
-95.64,270.17,-211.62
-95.64,269.72,-216.14
-99.12,268.44,-229.13
-101.06,267.76,-233.33
-102.80,266.86,-237.93
-105.90,263.97,-250.66
-110.16,262.26,-256.67
-111.13,260.84,-260.53
-114.22,256.95,-270.59
-120.03,254.16,-276.80
-124.10,251.96,-280.61
-126.61,248.06,-286.37
-128.55,242.30,-294.12
-133.00,238.68,-298.67
-136.49,234.22,-303.44
-137.65,226.40,-310.87
-138.23,221.26,-315.55
-138.42,219.04,-317.54
-139.97,209.70,-325.82
-142.10,201.55,-332.67
-146.75,197.29,-335.98
-150.43,195.04,-337.46
-154.69,192.07,-339.14
-155.27,186.30,-341.87
-153.53,185.14,-342.41
-154.49,182.98,-343.48
-156.82,175.81,-346.90
***********
0.00,0.00,0.00
0.00,0.00,0.00
0.00,0.00,0.00
0.39,3.12,0.00
0.00,11.64,0.06
0.19,18.87,0.06
1.55,26.68,0.08
2.90,32.50,0.24
1.94,43.41,0.79
1.55,47.10,0.92
1.36,55.18,1.14
0.58,67.95,1.44
-0.19,69.37,1.45
-1.94,79.73,1.42
-2.32,86.54,1.19
-3.10,92.50,0.95
-5.03,104.40,0.30
-6.00,107.65,0.02
-7.16,114.14,-0.67
-8.71,125.69,-2.12
-9.49,129.90,-2.76
-12.39,140.68,-4.56
-17.42,147.33,-6.02
-20.13,154.91,-8.40
-20.33,161.17,-10.70
-22.65,163.30,-11.49
-24.39,176.53,-17.01
-25.36,182.35,-19.65
-27.68,185.17,-20.98
-29.62,196.73,-27.05
-32.72,203.15,-30.70
-32.72,203.86,-31.16
-33.69,214.97,-38.29
-34.65,220.52,-41.99
-37.95,223.44,-44.01
-41.04,231.72,-50.47
-42.98,237.92,-55.87
-43.95,240.31,-58.10
-47.24,249.00,-66.47
-50.92,253.14,-70.95
-51.30,255.83,-74.25
-53.82,263.37,-83.67
-55.56,265.63,-86.76
-57.11,268.68,-91.21
-59.63,275.23,-101.34
-61.37,277.74,-105.62
-65.63,282.50,-114.34
-71.63,284.31,-118.35
-72.79,287.45,-127.78
-73.37,289.25,-133.61
-74.73,290.59,-138.10
-77.83,294.03,-150.69
-80.73,294.48,-152.77
-81.70,295.64,-159.91
-83.83,297.51,-172.69
-86.35,297.77,-175.09
-89.44,298.44,-185.57
-90.41,298.49,-191.39
-92.35,298.45,-197.35
-96.61,297.96,-209.26
-99.90,297.65,-211.94
-102.61,296.33,-219.49
-105.32,294.17,-229.19
-108.03,292.22,-236.30
-108.61,291.38,-238.87
-109.19,288.80,-246.53
-110.93,284.37,-259.27
-112.29,284.01,-260.19
-115.58,280.41,-268.99
-117.13,277.34,-275.39
-118.48,274.56,-280.82
-121.58,268.47,-292.05
-124.68,266.09,-295.92
-128.94,261.73,-302.22
-133.00,255.22,-310.28
-135.13,254.16,-311.42
-137.46,248.62,-316.93
-138.81,239.74,-325.08
-140.17,236.64,-327.79
-143.65,228.79,-334.34
-148.10,224.79,-337.28
-148.30,219.85,-340.36
-150.23,209.71,-346.62
-150.23,209.71,-346.62
-153.33,207.00,-348.17
***********
