-3.06,2.53,0.00
-9.38,7.43,-0.26
-11.10,13.66,-1.29
-7.85,21.23,-2.78
-12.63,29.15,-3.87
-12.06,36.41,-5.49
-11.67,43.81,-7.08
-16.84,51.64,-8.69
-18.76,58.36,-10.73
-17.80,65.40,-13.12
-22.97,72.48,-15.39
-23.16,79.32,-18.29
-23.16,86.03,-21.16
-27.94,92.09,-23.75
-28.32,97.80,-26.78
-27.94,104.22,-30.24
-33.30,111.16,-33.92
-38.08,117.37,-38.00
-35.60,123.22,-42.59
-40.00,129.27,-46.92
-44.40,134.75,-51.51
-42.49,139.96,-56.62
-47.27,145.65,-61.83
-51.29,150.51,-67.09
-48.80,154.81,-72.45
-53.20,159.70,-78.04
-58.56,164.41,-84.34
-55.31,168.43,-90.92
-58.18,172.67,-97.03
-63.35,176.44,-103.11
-67.75,179.40,-109.00
-64.69,182.05,-115.50
-68.90,185.29,-122.34
-73.87,188.02,-129.41
-74.06,190.16,-136.82
-73.49,192.13,-143.70
-79.23,193.96,-149.89
-80.76,195.32,-157.06
-80.95,196.56,-164.67
-85.93,197.71,-171.88
-89.37,198.25,-179.43
-87.27,198.33,-187.15
-91.48,198.69,-194.72
-97.03,198.50,-202.15
-94.35,197.57,-209.67
-99.33,197.02,-216.94
-102.77,195.88,-223.86
-101.24,194.27,-230.98
-106.60,192.85,-238.13
-108.51,190.68,-245.39
-108.13,188.37,-252.31
-113.11,186.01,-259.51
-116.93,183.37,-265.70
-115.21,180.25,-271.83
-120.57,177.15,-278.43
-121.14,173.37,-284.83
-120.76,169.74,-290.84
-125.93,165.94,-297.23
-130.90,161.82,-302.91
-130.71,157.13,-308.32
-130.71,152.01,-314.27
-135.69,147.07,-320.01
-141.05,141.85,-325.11
-138.37,136.18,-329.69
-141.43,131.14,-334.17
-146.98,125.99,-338.28
-144.30,120.11,-342.10
-148.89,114.41,-346.19
-151.19,107.92,-350.11
-150.81,101.29,-353.76
-155.59,94.55,-357.52
-160.76,87.27,-360.83
-160.76,80.12,-363.32
-160.57,72.83,-365.87
-165.74,65.55,-368.43
-169.95,58.48,-370.23
-170.14,51.16,-371.53
-165.74,43.56,-372.85
-170.71,36.76,-374.58
-175.30,31.50,-375.44
-171.86,28.15,-375.72
-169.37,23.56,-376.37
-171.48,18.74,-377.28
-176.64,12.22,-378.25
-176.84,4.79,-378.69
***********
-2.68,2.24,0.00
-7.27,8.69,-0.30
-6.89,16.48,-1.30
-6.32,24.14,-2.22
-10.14,31.39,-3.02
-6.32,39.13,-4.41
-10.14,46.10,-5.18
-11.48,52.87,-6.39
-10.91,60.70,-7.98
-16.08,68.00,-9.39
-16.08,75.28,-11.49
-15.31,82.29,-13.51
-20.48,88.65,-15.25
-22.58,95.36,-17.75
-22.01,102.22,-20.61
-27.18,108.59,-23.18
-27.37,114.46,-26.19
-27.18,120.81,-29.48
-31.58,127.68,-33.01
-36.55,134.13,-36.97
-36.74,140.10,-41.40
-36.36,145.95,-45.77
-41.72,152.05,-50.26
-44.21,157.39,-55.02
-43.25,162.52,-60.01
-48.80,167.73,-64.91
-50.14,172.63,-70.51
-49.76,177.30,-76.10
-54.93,182.29,-81.99
-59.52,186.48,-87.97
-56.46,190.04,-94.01
-60.09,194.30,-100.44
-64.88,197.73,-106.40
-66.22,200.77,-112.88
-65.64,203.65,-119.42
-70.43,206.60,-125.94
-74.06,209.19,-133.21
-72.53,211.42,-141.04
-77.70,213.57,-147.86
-81.15,215.00,-154.44
-79.23,216.13,-161.65
-84.02,217.31,-167.85
-87.84,218.07,-175.11
-85.74,218.37,-183.10
-90.52,218.94,-190.79
-95.69,218.87,-198.51
-93.20,218.16,-205.63
-98.18,217.74,-213.19
-101.05,216.72,-220.27
-100.09,215.29,-227.57
-105.64,214.04,-234.61
-106.41,212.07,-241.64
-104.88,210.33,-247.56
-109.85,208.39,-254.88
-115.21,205.72,-262.27
-116.17,202.55,-269.00
-115.98,199.27,-275.67
-121.33,196.20,-281.98
-123.63,192.41,-288.21
-123.25,188.21,-294.52
-127.84,184.21,-300.62
-132.05,179.91,-306.16
-129.56,174.93,-311.68
-133.58,170.37,-317.19
-138.75,165.24,-322.58
-138.75,159.55,-327.57
-138.37,154.49,-332.01
-144.11,148.82,-337.05
-144.87,143.37,-340.99
-144.49,137.40,-345.19
-149.85,131.23,-349.59
-155.02,124.32,-353.61
-154.44,116.82,-357.10
-154.44,109.73,-360.49
-159.04,103.40,-363.52
-164.20,96.46,-366.18
-164.20,88.90,-368.32
-162.67,81.88,-370.30
-167.84,74.51,-372.60
-172.62,67.52,-374.11
-172.43,60.15,-375.06
-169.56,54.72,-375.78
-168.41,50.58,-376.55
-171.09,45.91,-377.50
-175.30,39.53,-378.50
***********
-2.68,3.09,0.00
-8.61,8.55,-0.26
-10.91,14.38,-1.14
-7.66,21.40,-2.49
-12.44,29.05,-3.52
-8.61,36.72,-5.21
-12.44,43.93,-6.30
-15.50,51.06,-7.88
-12.82,58.09,-9.83
-17.61,65.34,-11.48
-19.14,72.56,-13.77
-19.14,79.72,-16.25
-24.31,86.74,-18.69
-24.50,93.52,-21.75
-23.54,100.03,-24.72
-28.13,105.94,-27.29
-33.11,111.63,-30.34
-30.62,117.86,-34.40
-35.79,124.50,-38.33
-37.51,130.08,-42.35
-36.94,135.75,-46.70
-42.29,141.81,-51.26
-46.70,147.52,-56.45
-43.83,152.62,-61.86
-48.61,157.98,-67.01
-51.86,162.15,-71.74
-50.33,166.31,-77.04
-55.88,170.88,-82.55
-57.61,175.21,-88.94
-57.22,179.12,-95.10
-61.62,183.14,-101.35
-65.64,186.54,-107.64
-66.03,189.55,-114.29
-66.41,192.74,-121.47
-71.58,195.49,-127.77
-74.45,197.75,-134.55
-73.11,199.90,-142.26
-77.70,201.94,-148.97
-81.91,203.43,-155.82
-79.42,204.52,-163.46
-83.82,205.93,-171.05
-89.37,206.70,-178.16
-86.89,206.78,-185.31
-90.91,207.18,-192.74
-96.46,207.06,-200.45
-93.58,206.23,-207.84
-97.99,205.74,-215.54
-102.58,204.73,-222.77
-99.90,203.32,-229.07
-104.88,202.07,-236.25
-109.47,200.05,-243.84
-107.94,197.62,-250.72
-113.11,195.33,-257.80
-113.49,192.47,-264.51
-113.49,189.56,-271.20
-119.23,186.43,-278.40
-123.25,182.94,-284.65
-121.91,178.71,-291.10
-127.08,174.78,-297.41
-129.18,170.80,-302.67
-128.80,166.37,-308.11
-133.77,161.97,-313.57
-134.16,156.93,-318.84
-134.54,151.45,-324.48
-138.94,146.44,-329.58
-144.30,141.15,-334.19
-141.62,134.77,-338.77
-146.21,128.83,-343.47
-151.00,123.12,-347.30
-148.70,116.49,-350.97
-152.72,109.90,-354.98
-157.70,103.16,-358.45
-157.89,96.02,-361.38
-157.31,89.14,-364.18
-162.10,81.76,-367.26
-166.31,74.55,-369.59
-170.90,66.92,-371.45
-166.88,59.30,-372.67
-166.88,51.92,-374.39
-172.05,45.23,-375.95
-175.69,39.53,-376.74
-172.05,35.75,-377.03
-169.18,31.44,-377.63
-170.71,27.59,-378.37
-175.50,21.36,-379.39
***********
-3.06,2.53,0.00
-8.80,8.41,-0.31
-9.38,15.48,-1.41
-8.42,22.54,-2.58
-13.40,30.03,-3.68
-13.59,37.81,-5.54
-12.06,45.17,-7.32
-16.84,52.45,-8.87
-17.80,59.29,-10.94
-17.42,66.24,-13.17
-22.01,72.93,-15.27
-23.73,79.31,-17.85
-23.92,86.11,-20.84
-29.09,92.40,-23.63
-28.90,98.89,-27.24
-28.52,105.53,-30.90
-34.26,112.43,-34.65
-38.66,118.57,-38.84
-36.55,123.94,-43.13
-41.72,129.92,-47.56
-43.83,135.46,-52.51
-42.87,140.42,-57.27
-48.42,145.26,-61.76
-48.99,150.19,-67.32
-48.42,154.89,-72.72
-53.78,159.91,-78.38
-58.95,164.14,-84.16
-56.27,168.05,-90.65
-60.09,172.41,-97.18
-64.50,175.84,-103.14
-66.22,179.04,-109.85
-65.45,182.10,-116.78
-70.24,185.07,-123.29
-73.68,187.25,-129.36
-72.34,189.42,-136.77
-78.27,191.59,-143.59
-78.66,193.07,-150.73
-78.27,194.45,-157.61
-83.25,195.99,-165.02
-88.42,196.93,-172.96
-85.74,197.14,-180.54
-90.33,197.68,-187.81
-94.16,197.64,-195.11
-92.25,197.15,-201.82
-97.41,196.89,-208.41
-98.56,195.92,-215.92
-98.56,194.75,-223.69
-103.92,193.62,-231.18
-108.90,191.86,-238.26
-108.90,189.50,-245.17
-109.09,186.91,-252.73
-114.64,184.48,-259.76
-114.83,181.38,-266.52
-115.21,178.20,-273.39
-120.38,175.15,-279.87
-124.59,171.75,-285.67
-122.67,167.61,-291.68
-127.27,163.52,-298.06
-130.33,159.27,-303.64
-129.56,154.55,-309.20
-134.92,150.08,-314.61
-135.88,144.83,-319.87
-136.45,139.49,-325.05
-141.62,134.10,-330.17
-143.53,128.38,-334.70
-142.96,122.63,-338.95
-147.55,116.81,-343.35
-151.57,110.06,-347.64
-149.85,103.27,-351.31
-154.44,96.24,-355.40
-159.23,89.28,-358.73
-159.23,82.46,-361.31
-159.42,74.72,-364.25
-164.20,67.23,-367.06
-168.99,59.81,-369.16
-169.37,52.37,-370.61
-164.40,45.75,-371.85
-169.37,40.89,-373.21
-171.86,36.89,-373.96
-167.07,32.86,-374.53
-166.31,28.76,-375.47
-170.33,22.63,-376.97
-173.39,15.71,-378.15
-168.61,8.60,-378.97
-172.05,1.45,-380.41
***********
-2.30,3.09,0.00
-4.40,9.67,-0.26
-2.30,17.09,-0.83
-7.46,24.80,-1.14
-4.21,32.73,-2.18
-7.46,39.86,-2.71
-11.67,46.82,-3.62
-8.99,54.24,-5.15
-13.78,61.86,-6.36
-15.88,68.81,-8.06
-15.12,75.55,-9.98
-20.29,82.19,-11.78
-20.67,89.03,-14.30
-20.86,96.25,-17.03
-26.22,102.80,-19.53
-28.52,108.59,-22.38
-28.32,114.88,-25.79
-32.92,121.30,-29.25
-32.73,127.54,-33.29
-32.34,133.68,-37.24
-37.70,139.84,-41.14
-42.87,145.73,-45.69
-43.06,150.77,-50.36
-42.68,155.89,-55.15
-47.84,161.15,-60.00
-50.72,166.33,-65.72
-49.57,170.95,-71.37
-54.93,176.04,-77.35
-57.61,180.07,-83.09
-56.07,183.83,-89.01
-61.05,187.90,-95.07
-64.50,191.30,-101.21
-62.96,194.44,-107.79
-67.37,197.69,-114.16
-71.58,200.39,-120.64
-69.47,202.83,-127.96
-74.26,205.63,-135.45
-79.23,207.54,-142.20
-76.55,208.90,-149.36
-81.34,210.56,-156.32
-84.78,211.58,-162.98
-83.25,212.24,-170.24
-88.23,213.13,-177.77
-89.76,213.38,-185.62
-89.37,213.41,-193.19
-94.16,213.49,-200.35
-99.52,212.98,-207.34
-96.65,211.75,-214.68
-101.81,210.92,-221.78
-104.30,209.45,-228.79
-104.30,207.51,-236.40
-108.90,205.85,-242.93
-110.62,203.44,-249.96
-110.81,200.73,-257.18
-116.36,197.98,-264.39
-117.12,194.75,-270.93
-117.12,191.42,-277.42
-123.25,188.35,-283.42
-124.78,184.35,-289.52
-124.97,180.11,-295.62
-129.37,176.01,-301.49
-133.01,171.29,-307.24
-131.10,166.70,-312.16
-136.26,161.99,-317.55
-138.56,156.93,-322.40
-137.98,151.98,-326.76
-144.11,146.56,-331.65
-142.00,141.00,-335.68
-146.41,135.36,-340.08
-148.70,129.05,-344.27
-149.08,122.09,-348.50
-153.68,115.35,-352.54
-158.65,108.06,-356.14
-155.78,101.92,-358.54
-159.99,95.01,-361.65
-165.54,88.02,-364.20
-165.73,80.82,-366.05
-162.48,73.35,-367.95
-166.12,65.99,-370.28
-171.28,59.04,-371.99
-172.05,52.66,-372.97
-169.56,49.19,-373.46
-168.99,44.36,-374.34
-171.48,39.54,-375.28
-174.54,32.88,-376.28
***********
