1.15,0.84,0.00
1.91,2.52,0.03
9.76,8.27,0.23
-0.38,15.60,1.49
-3.25,26.12,1.42
-3.25,32.85,1.03
-3.83,38.59,0.71
-4.02,49.93,-0.05
-4.78,56.08,-0.48
-4.59,63.77,-1.13
-0.77,72.72,-1.85
-1.34,78.19,-1.92
-1.53,86.75,-2.12
-1.72,97.27,-2.40
-5.55,102.31,-2.55
-7.27,112.51,-3.54
-7.27,118.91,-4.36
-7.46,124.34,-5.05
-6.89,135.60,-6.53
-7.27,141.17,-7.20
-8.80,146.18,-7.84
-9.57,157.00,-9.52
-16.27,164.61,-10.80
-16.84,169.59,-12.25
-16.84,180.33,-15.50
-17.03,185.84,-17.17
-20.86,190.40,-18.57
-21.82,203.64,-23.61
-26.03,207.54,-25.18
-29.47,213.85,-28.26
-29.66,218.12,-30.67
-30.24,230.19,-37.54
-30.62,235.28,-40.51
-34.83,237.70,-41.94
-37.32,249.79,-50.35
-37.89,254.58,-54.01
-38.85,255.14,-54.44
-42.87,265.30,-62.63
-44.21,267.05,-64.25
-52.25,272.48,-69.53
-55.50,275.31,-73.19
-51.10,282.86,-84.18
-53.78,286.74,-88.98
-56.65,288.48,-91.36
-57.80,296.34,-103.31
-58.56,299.18,-107.82
-62.58,300.58,-110.09
-73.11,304.39,-117.44
-71.00,305.73,-121.87
-65.45,309.34,-132.35
-72.53,311.38,-136.82
-73.68,315.84,-151.00
-73.87,317.54,-156.79
-75.98,317.97,-158.27
-86.70,320.21,-167.26
-85.93,320.45,-171.46
-84.97,321.02,-179.43
-90.52,321.67,-186.84
-90.14,321.56,-199.19
-90.52,321.56,-199.47
-95.69,321.45,-211.39
-94.92,320.78,-218.09
-99.90,320.47,-221.72
-103.15,317.89,-236.51
-103.92,315.78,-245.53
-103.92,315.78,-245.53
-111.38,314.06,-252.47
-113.49,310.74,-260.96
-113.30,310.23,-262.12
-118.27,305.35,-273.46
-119.23,302.49,-278.77
-123.25,300.78,-281.83
-125.35,292.70,-294.15
-125.55,289.21,-299.07
-127.46,288.56,-299.99
-130.71,279.94,-311.23
-130.14,276.74,-314.96
-136.84,273.94,-318.28
-141.05,262.89,-328.64
-141.43,258.30,-332.35
-141.62,257.97,-332.61
-147.55,254.56,-335.31
-157.89,248.41,-339.23
-169.75,239.31,-342.92
-169.75,232.96,-344.07
***********
0.00,0.00,0.00
-0.19,0.42,0.00
-0.96,8.28,-0.03
-0.96,11.64,-0.08
-1.53,23.01,-0.27
-1.34,29.04,-0.43
-1.15,37.03,-0.62
0.19,47.55,-0.83
0.77,55.27,-0.81
0.57,60.46,-0.74
0.77,71.82,-0.62
0.38,77.43,-0.55
-0.00,84.16,-0.50
-0.77,90.34,-0.50
-0.96,102.26,-0.66
-0.96,106.75,-0.74
-5.55,112.92,-0.84
-6.51,124.51,-1.97
-6.51,124.79,-2.00
-10.33,137.33,-3.43
-7.85,142.72,-4.41
-17.22,149.52,-5.35
-20.29,159.17,-8.34
-21.05,164.70,-10.38
-21.43,170.46,-12.60
-23.54,176.08,-14.80
-24.11,189.32,-20.58
-24.69,190.47,-21.09
-30.24,196.47,-23.84
-30.81,209.19,-31.26
-31.19,210.16,-31.84
-39.81,221.08,-38.45
-37.89,227.76,-44.02
-38.47,228.09,-44.28
-48.23,237.87,-52.04
-42.29,241.88,-56.54
-47.84,246.35,-60.60
-48.61,249.92,-64.55
-55.12,254.38,-69.61
-56.46,262.96,-81.92
-57.22,267.77,-89.17
-57.22,267.77,-89.17
-64.69,274.53,-99.67
-65.26,277.35,-105.63
-66.98,277.87,-106.77
-69.85,283.20,-119.30
-68.51,285.27,-124.96
-74.26,286.81,-128.88
-83.06,288.95,-136.44
-82.68,289.25,-138.95
-83.25,290.84,-151.33
-83.63,291.67,-158.30
-89.37,292.26,-163.59
-90.71,292.32,-168.79
-92.82,292.17,-180.43
-92.63,291.60,-192.06
-92.63,291.60,-192.06
-99.90,291.29,-198.78
-101.81,289.02,-211.78
-102.01,288.99,-211.91
-108.51,286.48,-223.71
-107.75,283.19,-233.56
-108.51,283.02,-234.09
-114.83,278.78,-246.73
-113.49,276.25,-252.21
-115.98,275.64,-253.62
-126.12,271.77,-261.57
-126.12,269.95,-264.06
-126.69,262.09,-274.82
-127.27,258.65,-279.44
-133.01,255.76,-283.23
-136.84,251.36,-287.95
-139.13,246.66,-292.37
-139.13,235.20,-302.28
-140.86,229.79,-306.96
-145.26,227.50,-308.82
-147.94,215.74,-316.98
-142.96,206.00,-323.08
-143.15,205.88,-323.17
-151.38,195.44,-330.99
-149.08,190.27,-333.81
-156.93,185.58,-336.62
-158.27,171.77,-342.51
-170.52,161.60,-346.56
-173.01,159.80,-346.86
***********
-0.19,-0.14,0.00
0.00,0.84,-0.00
0.19,6.31,-0.00
-0.57,17.26,0.03
-0.96,23.43,-0.03
-1.34,28.48,-0.11
-0.96,38.30,-0.34
-0.96,44.47,-0.45
-1.15,56.11,-0.64
-1.72,61.86,-0.76
-1.72,71.11,-1.03
-1.34,78.13,-1.24
-0.19,88.79,-1.49
0.19,91.31,-1.50
-0.57,102.81,-1.46
-1.91,109.97,-1.54
-2.87,115.16,-1.71
-7.27,121.18,-2.01
-5.36,135.10,-3.79
-3.25,141.10,-4.35
-6.51,143.48,-4.49
-10.14,155.61,-5.87
-10.33,156.30,-5.99
-18.76,168.45,-8.21
-17.61,175.89,-10.73
-22.01,182.44,-12.81
-23.16,188.42,-15.23
-22.20,199.38,-19.92
-22.20,209.26,-23.95
-22.20,209.26,-23.95
-29.28,215.36,-26.44
-30.62,228.45,-33.78
-30.62,233.28,-36.64
-31.58,233.89,-37.00
-36.74,245.00,-43.83
-37.13,246.35,-44.84
-46.70,252.84,-49.75
-46.51,256.59,-53.73
-44.97,265.86,-63.50
-45.17,266.55,-64.19
-51.67,271.30,-68.97
-53.40,280.96,-81.18
-53.40,284.47,-85.91
-58.18,286.73,-88.96
-60.86,294.72,-101.83
-61.24,297.73,-107.22
-61.62,297.86,-107.47
-66.79,304.19,-119.19
-64.50,306.41,-124.35
-69.28,307.80,-127.26
-77.51,311.32,-136.58
-79.81,311.68,-138.22
-83.25,314.02,-151.20
-83.63,315.30,-162.07
-83.63,315.33,-162.35
-88.80,316.50,-172.80
-89.76,316.76,-185.01
-89.76,316.76,-185.01
-95.50,316.78,-191.46
-96.84,315.40,-205.84
-97.03,315.32,-206.54
-104.30,314.39,-214.06
-102.77,310.92,-227.65
-102.96,310.89,-227.79
-111.19,309.35,-234.49
-109.28,305.40,-244.69
-110.23,305.07,-245.62
-119.42,300.51,-257.99
-111.77,297.48,-263.37
-119.61,295.45,-268.45
-130.71,291.15,-276.01
-131.86,290.42,-276.86
-130.71,282.37,-285.85
-128.42,278.52,-290.31
-134.73,274.43,-295.48
-133.58,266.92,-303.05
-135.88,265.76,-304.27
-140.86,255.69,-314.04
-140.66,251.23,-317.67
-146.02,246.67,-321.40
-146.02,234.11,-329.87
-145.26,222.94,-337.40
-146.21,221.67,-338.28
-154.25,210.71,-345.61
-153.49,202.88,-349.39
***********
0.19,0.14,0.00
0.19,0.14,0.00
0.19,0.70,0.00
-0.19,7.15,0.02
-0.57,17.82,-0.01
0.19,24.83,-0.08
0.19,29.60,-0.07
0.19,38.30,-0.04
-0.19,46.72,-0.01
-0.77,53.03,-0.03
-1.34,67.48,-0.22
-0.96,70.00,-0.28
-1.34,82.06,-0.48
-1.91,88.38,-0.63
-1.91,93.70,-0.81
-2.30,107.73,-1.28
-2.49,108.71,-1.32
-3.64,119.08,-1.77
-4.78,125.52,-2.18
-5.74,133.77,-2.87
-9.57,136.56,-3.15
-12.25,150.12,-5.43
-12.82,157.93,-7.13
-12.82,161.21,-7.88
-13.40,170.38,-9.96
-20.48,177.34,-11.62
-13.78,183.78,-14.03
-22.58,190.86,-15.76
-23.35,205.63,-21.91
-20.29,210.78,-24.13
-23.35,212.89,-24.91
-32.34,224.09,-29.74
-32.73,228.83,-32.75
-35.41,230.96,-34.11
-37.13,239.53,-40.21
-42.10,243.56,-43.26
-35.60,249.39,-48.52
-42.10,253.27,-51.30
-46.51,263.78,-60.80
-45.93,268.12,-65.38
-51.10,270.76,-68.10
-54.73,278.78,-78.04
-54.54,279.02,-78.38
-61.62,285.45,-87.41
-62.20,288.45,-92.96
-62.20,291.20,-98.17
-62.39,293.62,-102.77
-69.09,297.19,-109.60
-69.85,302.60,-123.76
-70.05,305.36,-131.26
-70.62,305.50,-131.66
-78.66,309.69,-143.57
-76.55,310.88,-149.48
-78.47,311.20,-150.85
-87.84,313.75,-163.36
-87.84,313.87,-166.44
-90.14,314.19,-174.85
-94.54,314.17,-181.73
-85.93,313.58,-189.14
-96.46,314.15,-197.11
-95.69,312.51,-211.61
-94.92,312.45,-212.17
-104.68,311.86,-219.02
-107.17,308.84,-230.55
-108.32,308.51,-231.63
-110.62,305.16,-241.75
-111.96,304.81,-242.67
-116.74,299.72,-255.29
-115.78,297.14,-260.42
-121.14,295.55,-263.71
-121.72,287.93,-276.32
-130.52,284.10,-282.52
-130.71,283.09,-283.69
-131.29,274.95,-293.16
-131.10,274.49,-293.69
-139.71,269.97,-298.87
-137.22,259.59,-307.67
-138.37,258.35,-308.81
-147.36,251.12,-315.24
-149.28,249.94,-316.00
-158.46,243.91,-319.58
-164.01,238.03,-321.90
-165.35,224.41,-325.80
-166.12,218.98,-327.22
-166.31,213.13,-328.67
***********
0.00,0.00,0.00
0.00,0.00,0.00
-2.87,4.07,0.00
-5.74,11.49,-0.37
-3.64,18.05,-1.03
-3.44,27.16,-1.61
1.53,35.84,-2.13
0.57,41.03,-1.99
0.19,52.81,-1.88
-0.38,58.84,-1.86
-0.57,64.59,-1.89
3.44,76.52,-2.01
0.96,80.30,-1.79
-1.53,92.22,-1.59
-1.91,97.27,-1.72
-1.15,106.24,-2.02
-2.87,110.87,-2.11
-3.44,124.46,-2.80
-3.06,125.58,-2.86
-3.83,130.35,-3.12
-5.17,145.04,-4.10
-5.36,150.77,-4.62
-8.80,153.01,-4.83
-12.82,167.01,-7.00
-13.01,172.89,-8.34
-16.27,176.86,-9.25
-17.42,190.32,-13.18
-17.80,192.20,-13.77
-24.11,197.94,-15.61
-25.84,211.39,-21.63
-26.22,216.69,-24.20
-28.13,218.20,-24.94
-30.24,228.22,-30.30
-35.02,231.98,-32.49
-36.94,238.64,-37.16
-38.47,242.23,-39.86
-39.23,253.21,-48.59
-37.89,261.80,-55.60
-37.89,261.80,-55.60
-47.84,267.78,-60.25
-51.67,271.73,-64.62
-51.86,275.47,-69.35
-52.44,279.20,-74.09
-56.65,286.04,-82.99
-56.65,289.74,-88.62
-61.24,291.75,-91.66
-63.54,298.90,-104.70
-63.73,301.59,-110.10
-66.22,302.40,-111.73
-70.05,308.28,-125.09
-70.24,310.24,-130.49
-72.34,310.67,-131.68
-75.98,314.54,-143.85
-75.60,314.75,-144.66
-85.93,318.03,-157.43
-78.66,318.46,-163.59
-85.93,319.46,-168.54
-97.41,320.07,-177.22
-96.26,319.71,-180.00
-93.78,318.87,-187.67
-99.90,318.39,-194.95
-99.52,315.98,-208.77
-102.96,315.00,-214.58
-103.15,314.09,-218.55
-103.92,312.05,-227.29
-105.07,311.85,-228.11
-114.64,308.86,-239.21
-114.25,307.22,-242.78
-113.11,301.92,-254.55
-113.30,299.55,-260.10
-116.93,298.72,-262.03
-124.21,294.65,-270.04
-128.80,292.44,-273.29
-127.46,284.27,-283.45
-129.95,280.60,-288.24
-133.58,278.53,-290.72
-135.11,268.47,-301.29
-129.37,260.71,-309.01
-129.56,260.63,-309.12
-137.03,257.14,-313.33
-144.30,252.21,-317.92
-146.21,239.91,-326.77
-146.79,227.20,-335.27
-148.70,220.86,-339.42
-151.76,218.94,-340.58
***********
