-3.06,2.53,0.00
-8.80,8.69,-0.33
-10.33,15.90,-1.45
-5.55,23.21,-2.78
-8.99,31.31,-3.57
-4.98,38.66,-4.73
-4.02,45.78,-5.35
-9.57,52.36,-5.81
-6.51,60.11,-7.12
-9.19,67.91,-8.01
-13.40,75.67,-9.26
-9.76,82.63,-10.92
-13.97,90.09,-12.20
-18.76,97.58,-14.07
-15.69,105.02,-16.59
-19.90,112.04,-18.57
-24.50,118.90,-21.05
-21.63,125.92,-24.25
-25.64,132.31,-26.78
-29.66,138.76,-29.88
-28.32,144.98,-33.42
-32.92,151.16,-36.75
-35.21,157.52,-40.87
-34.64,163.82,-45.31
-40.38,169.82,-49.46
-40.76,175.59,-54.37
-40.57,181.44,-59.41
-45.74,187.08,-64.24
-50.72,192.37,-69.67
-50.52,196.72,-74.99
-50.52,201.18,-80.40
-56.46,205.73,-85.93
-57.41,209.84,-92.12
-57.22,214.15,-98.86
-62.01,218.02,-104.88
-67.17,221.51,-111.44
-63.92,224.39,-118.30
-67.75,227.73,-125.10
-73.30,230.43,-131.72
-73.68,232.53,-138.71
-73.30,234.50,-145.44
-78.85,236.48,-152.02
-79.42,237.92,-159.32
-79.42,239.36,-167.04
-84.97,240.72,-174.35
-90.14,241.35,-181.48
-87.08,241.33,-189.05
-91.10,241.74,-197.04
-96.65,241.59,-204.75
-97.41,240.75,-212.00
-97.03,239.81,-219.23
-102.20,238.96,-226.06
-102.58,237.42,-233.19
-102.58,235.83,-240.31
-107.36,234.15,-247.84
-112.53,231.85,-255.20
-109.85,229.16,-261.68
-115.02,226.73,-268.41
-118.27,223.71,-274.89
-117.32,220.05,-281.69
-122.29,216.70,-288.17
-124.59,212.66,-294.58
-124.21,208.52,-300.58
-128.80,204.57,-306.38
-132.63,200.18,-311.85
-129.95,195.24,-317.22
-135.69,190.73,-322.59
-138.56,185.81,-327.40
-137.60,180.45,-332.13
-143.15,175.17,-336.96
-143.92,169.33,-341.33
-144.30,163.21,-345.79
-149.47,157.17,-350.13
-151.38,150.89,-353.84
-150.42,144.85,-357.13
-155.97,138.39,-360.80
-158.85,131.34,-363.94
-158.46,124.01,-366.78
-163.25,116.83,-369.61
-167.46,109.58,-371.79
-163.63,101.64,-373.56
-157.89,93.83,-375.85
-152.72,86.68,-378.76
-147.55,79.57,-382.42
-141.43,73.42,-386.34
***********
3.06,2.81,0.00
4.78,8.27,0.29
-1.34,14.14,0.78
1.53,20.73,0.63
-1.91,27.74,0.82
-5.74,35.04,0.57
-3.64,42.99,-0.23
-8.23,50.55,-0.71
-10.33,57.91,-1.77
-9.57,65.36,-3.13
-14.35,72.70,-4.37
-18.95,79.49,-6.11
-16.27,86.92,-8.66
-21.05,93.79,-10.66
-24.69,100.47,-13.23
-22.77,107.10,-16.28
-27.18,113.17,-18.83
-30.81,119.29,-21.97
-29.47,125.68,-25.78
-34.64,132.64,-29.71
-36.17,138.64,-33.86
-35.98,144.42,-38.08
-41.15,150.20,-42.28
-44.78,156.02,-47.36
-43.06,161.09,-52.40
-47.65,166.63,-57.57
-52.06,171.45,-62.86
-49.57,175.85,-68.50
-54.35,180.67,-74.16
-58.37,184.84,-79.98
-56.07,188.81,-86.43
-60.86,192.96,-92.60
-65.45,196.38,-98.72
-65.45,199.41,-105.36
-65.26,202.73,-112.63
-70.62,205.78,-119.26
-75.21,208.20,-126.14
-72.34,210.17,-133.60
-76.36,212.34,-140.42
-81.91,214.03,-147.37
-82.48,215.04,-154.46
-81.53,215.97,-161.55
-86.89,217.09,-169.04
-89.57,217.49,-176.33
-88.61,217.54,-184.04
-93.97,217.74,-192.18
-97.80,217.24,-199.45
-95.69,216.23,-206.82
-101.05,215.51,-214.08
-102.58,214.22,-220.69
-103.15,212.60,-227.94
-108.13,210.87,-235.32
-108.70,208.47,-242.65
-108.90,206.00,-249.96
-113.68,203.68,-256.73
-119.04,200.75,-263.41
-116.55,197.00,-270.16
-121.53,193.74,-276.68
-124.40,189.86,-283.02
-123.63,185.58,-289.27
-128.22,181.69,-295.11
-132.43,177.35,-300.62
-130.33,172.33,-306.11
-134.92,167.43,-311.89
-138.56,162.58,-316.75
-137.03,157.32,-321.40
-142.39,152.39,-325.99
-143.73,146.72,-330.35
-144.30,140.50,-334.92
-149.66,134.58,-339.18
-149.66,127.80,-343.14
-149.47,121.14,-347.04
-154.44,114.62,-350.89
-159.80,107.53,-354.28
-159.80,100.42,-356.89
-160.19,92.78,-359.70
-164.59,85.79,-362.22
-169.75,78.35,-364.28
-175.30,70.76,-365.65
179.91,63.34,-366.26
174.55,55.77,-366.24
169.96,48.79,-365.58
164.98,41.60,-364.31
157.90,34.15,-362.31
153.12,24.14,-358.24
***********
-2.49,3.23,0.00
-1.53,10.09,-0.30
-0.77,17.39,-0.49
-4.78,24.54,-0.59
-1.34,30.97,-1.13
-5.36,37.56,-1.28
-5.36,45.39,-2.01
-5.36,53.49,-2.77
-10.14,61.17,-3.50
-11.10,68.21,-4.76
-10.53,75.51,-6.19
-16.27,82.96,-7.57
-17.61,90.36,-9.73
-17.03,97.18,-11.90
-22.39,104.16,-14.03
-22.77,110.90,-16.81
-21.05,116.72,-19.26
-26.03,123.27,-21.78
-31.96,128.94,-24.55
-29.28,134.42,-27.96
-33.87,140.78,-31.53
-35.79,147.07,-35.75
-35.60,153.10,-40.10
-40.76,159.38,-44.59
-45.36,165.11,-49.54
-42.68,170.44,-54.93
-47.27,176.01,-60.06
-51.67,180.86,-65.32
-51.48,185.30,-70.93
-51.48,189.67,-76.42
-56.84,194.56,-82.57
-59.52,198.55,-88.67
-57.80,202.32,-95.08
-62.20,206.13,-101.14
-66.98,209.86,-108.21
-67.94,212.88,-115.31
-67.94,215.62,-122.07
-73.68,218.36,-128.83
-74.06,220.17,-135.03
-74.26,222.14,-141.91
-79.61,224.19,-149.20
-82.29,225.51,-156.37
-81.72,226.54,-164.02
-86.70,227.63,-171.51
-90.33,228.06,-178.94
-88.03,228.02,-186.79
-93.39,228.28,-194.37
-97.80,227.84,-201.79
-95.50,226.77,-209.57
-100.47,226.07,-216.83
-103.15,224.80,-223.73
-102.20,223.04,-231.24
-107.17,221.38,-238.92
-111.19,219.19,-246.03
-109.66,216.55,-252.83
-114.83,214.14,-259.57
-116.55,211.02,-266.31
-116.93,207.51,-273.34
-121.91,204.08,-280.09
-124.40,200.15,-286.41
-123.44,196.10,-292.31
-128.03,192.08,-298.40
-132.43,187.68,-304.03
-129.95,182.85,-309.31
-134.92,178.35,-314.69
-137.60,173.19,-319.86
-137.03,167.91,-324.68
-142.77,162.57,-329.65
-144.11,156.65,-334.15
-143.92,150.63,-338.51
-149.47,144.62,-342.89
-149.85,138.82,-346.31
-148.51,133.36,-349.48
-153.68,127.26,-353.22
-159.23,120.09,-356.76
-159.23,112.48,-359.65
-158.46,105.40,-362.34
-163.06,98.35,-365.12
-168.41,91.11,-367.33
-173.39,83.14,-368.96
-178.56,75.75,-369.82
176.47,67.90,-370.01
171.11,58.94,-369.46
165.56,52.14,-368.40
158.09,43.59,-366.19
***********
-2.87,2.95,0.00
-3.06,8.97,-0.30
-0.57,16.40,-0.70
-5.17,24.53,-0.78
-5.17,31.80,-1.44
-3.83,39.48,-2.13
-9.19,47.04,-2.64
-5.93,54.10,-3.78
-10.14,61.64,-4.56
-13.01,68.96,-5.87
-11.67,76.48,-7.61
-16.65,84.17,-9.20
-20.09,91.16,-11.29
-18.37,98.40,-13.94
-24.11,105.33,-16.24
-24.11,111.99,-19.22
-24.31,118.52,-22.14
-29.86,124.78,-24.97
-29.47,130.13,-28.05
-31.96,136.61,-31.70
-36.94,143.27,-35.86
-36.94,149.55,-40.58
-37.13,155.72,-45.22
-42.29,161.42,-49.54
-46.51,166.61,-54.26
-44.02,171.92,-59.86
-48.42,177.47,-65.22
-53.97,182.03,-70.36
-54.54,186.41,-76.37
-53.59,190.72,-82.43
-58.18,195.22,-88.53
-62.96,199.29,-95.08
-59.71,202.41,-101.21
-63.92,206.23,-107.75
-68.71,209.13,-113.67
-70.43,211.73,-120.34
-69.85,214.31,-127.61
-75.02,217.07,-135.11
-76.93,219.03,-142.43
-76.74,220.77,-149.95
-82.10,222.38,-156.77
-84.21,223.32,-163.58
-83.82,224.06,-170.84
-89.18,224.84,-178.09
-89.76,224.95,-185.81
-89.37,224.99,-193.39
-94.35,225.07,-200.96
-100.09,224.47,-208.79
-100.67,223.17,-216.11
-100.47,221.85,-223.15
-106.22,220.52,-230.32
-105.45,218.48,-237.32
-105.07,216.61,-244.08
-110.81,214.79,-250.86
-114.64,212.20,-257.68
-113.87,208.92,-264.82
-119.04,205.92,-271.62
-120.95,202.37,-278.00
-120.76,198.26,-284.85
-126.69,194.46,-291.24
-126.88,190.18,-296.98
-127.08,185.72,-302.93
-131.67,181.32,-308.75
-136.65,176.85,-313.78
-137.03,171.54,-318.78
-137.03,165.79,-324.14
-142.39,160.25,-329.30
-142.96,154.80,-333.50
-143.15,148.87,-337.98
-149.85,143.37,-342.10
-151.19,137.42,-345.55
-149.85,130.91,-349.14
-154.64,124.24,-353.01
-159.42,116.76,-356.56
-156.55,109.80,-359.17
-161.14,102.59,-362.30
-166.12,95.42,-364.75
-162.29,87.79,-366.63
-156.55,80.31,-369.02
-150.62,73.49,-371.98
-144.87,66.89,-375.70
-139.32,60.81,-379.97
-133.20,55.27,-384.73
-127.84,50.09,-390.25
-122.67,45.36,-396.34
***********
2.87,2.95,0.00
3.25,9.39,0.32
-1.53,17.37,0.78
2.30,24.95,0.57
-2.49,32.10,0.86
-3.44,38.12,0.60
-3.06,45.69,0.14
-8.42,53.25,-0.26
-5.36,60.19,-1.29
-9.38,67.59,-1.98
-13.01,75.20,-3.24
-10.91,82.72,-4.98
-15.69,90.30,-6.44
-19.71,96.92,-8.30
-17.61,103.92,-10.80
-23.35,110.87,-13.01
-23.73,117.57,-15.90
-23.54,124.12,-18.78
-29.28,130.55,-21.58
-31.39,135.81,-24.53
-30.62,141.80,-28.19
-35.60,148.56,-32.19
-37.70,154.38,-36.35
-37.32,160.59,-41.16
-42.49,166.06,-45.32
-45.36,171.33,-50.16
-44.02,176.76,-55.65
-48.61,182.41,-61.11
-53.40,187.32,-66.68
-50.91,191.76,-72.65
-53.78,196.09,-77.99
-59.33,200.15,-83.53
-59.71,204.02,-90.05
-58.95,207.70,-96.35
-63.73,211.68,-102.96
-68.51,214.72,-109.12
-68.13,217.29,-115.65
-68.32,220.16,-122.81
-73.30,223.06,-130.11
-78.66,225.24,-137.37
-75.98,226.68,-144.52
-80.00,228.41,-151.46
-84.97,229.58,-158.09
-82.29,230.22,-165.36
-87.08,231.22,-172.73
-91.67,231.62,-180.57
-89.37,231.40,-188.15
-94.16,231.47,-195.30
-98.37,230.90,-203.14
-96.46,229.76,-210.91
-102.20,229.00,-217.60
-103.54,227.61,-224.04
-103.54,225.84,-231.41
-108.32,224.29,-237.82
-110.23,222.00,-244.74
-110.04,219.33,-251.98
-115.59,216.78,-258.97
-116.93,213.57,-265.68
-116.74,210.33,-272.05
-122.29,206.86,-278.94
-125.93,202.89,-285.23
-124.21,198.85,-290.80
-129.76,194.83,-296.71
-129.37,190.17,-302.32
-127.27,186.34,-306.99
-131.86,182.09,-312.57
-137.79,177.32,-317.90
-141.43,172.23,-322.51
-139.90,166.52,-327.06
-145.07,161.48,-331.31
-145.83,155.50,-335.49
-146.60,149.00,-339.90
-152.34,142.91,-343.92
-152.72,136.20,-347.43
-152.53,129.09,-351.10
-157.51,122.62,-354.46
-162.10,115.62,-357.36
-159.99,108.28,-359.73
-164.78,101.03,-362.37
-170.14,93.72,-364.36
-175.30,86.39,-365.63
179.34,78.84,-366.25
173.21,68.46,-366.13
167.85,60.38,-365.17
162.88,53.80,-363.76
***********
