-0.19,1.54,0.00
-0.77,7.86,-0.02
-1.15,17.68,-0.15
-1.53,24.13,-0.28
-1.72,33.80,-0.54
-1.72,40.25,-0.73
-2.11,54.00,-1.15
-1.91,60.87,-1.40
-2.49,68.30,-1.65
-3.44,80.49,-2.18
-3.25,87.35,-2.59
-4.21,97.58,-3.17
-4.21,108.49,-3.98
-3.83,115.21,-4.47
-4.59,123.60,-5.03
-4.78,135.49,-5.99
-4.98,141.50,-6.49
-5.36,152.96,-7.49
-5.55,158.69,-8.03
-4.98,164.69,-8.61
-8.04,176.99,-9.68
-12.82,182.69,-10.48
-14.16,195.14,-13.32
-13.97,200.98,-14.79
-15.88,206.97,-16.28
-18.18,220.20,-20.05
-22.77,225.00,-21.62
-23.54,237.41,-26.84
-22.97,242.94,-29.24
-27.75,247.47,-31.16
-30.05,259.88,-37.69
-30.62,265.35,-40.85
-36.36,271.62,-44.57
-37.32,278.06,-49.31
-44.21,284.31,-54.07
-45.55,295.07,-64.54
-46.12,299.29,-68.85
-51.10,302.02,-71.68
-52.82,311.09,-82.92
-52.82,314.65,-87.62
-60.28,317.79,-91.75
-63.73,325.30,-104.91
-64.50,327.91,-110.19
-66.41,329.96,-114.50
-67.37,333.83,-123.37
-75.02,336.75,-130.36
-75.98,340.70,-145.13
-76.36,342.20,-151.12
-79.42,342.66,-153.03
-84.40,345.44,-167.93
-84.59,346.06,-174.21
-89.37,346.60,-179.94
-90.52,346.70,-189.19
-97.41,346.64,-196.49
-98.56,344.79,-210.68
-98.75,343.98,-216.09
-103.54,343.23,-220.94
-104.68,340.80,-231.03
-112.72,338.95,-238.09
-113.11,333.42,-251.29
-113.30,333.04,-252.19
-118.46,330.32,-258.51
-119.23,323.76,-270.59
-123.82,321.85,-274.02
-126.50,314.19,-285.44
-126.31,310.44,-290.52
-131.29,307.28,-294.81
-132.63,299.04,-304.20
-138.37,296.00,-307.50
-137.22,287.20,-315.33
-145.26,282.66,-319.52
-142.77,272.87,-326.32
-149.85,268.73,-329.46
-151.19,256.72,-336.43
-151.57,251.81,-339.14
-157.31,246.63,-341.94
-158.65,237.18,-345.89
-158.65,237.18,-345.89
-166.69,230.64,-348.44
-168.61,224.36,-349.93
-168.99,213.36,-352.15
-169.56,207.44,-353.30
-175.88,200.13,-354.65
-176.45,193.55,-355.12
-176.45,193.55,-355.12
0.19,5.19,0.00
-0.19,10.52,0.02
-0.38,22.73,-0.02
-0.38,29.18,-0.07
-1.34,38.30,-0.13
-0.77,44.33,-0.27
-1.15,55.83,-0.42
-1.72,63.27,-0.57
-0.96,71.96,-0.83
-0.96,83.74,-1.03
-1.34,91.04,-1.15
-2.30,99.31,-1.34
-3.44,111.09,-1.82
-3.44,118.65,-2.27
-4.02,126.07,-2.72
-4.98,137.68,-3.53
-5.36,144.95,-4.17
-5.17,151.52,-4.78
-10.91,164.65,-5.97
-9.76,170.44,-7.09
-9.76,175.97,-8.04
-13.21,189.24,-10.32
-19.90,196.75,-12.08
-12.25,202.82,-14.28
-22.01,215.84,-17.11
-22.39,221.31,-19.32
-22.58,225.85,-21.19
-25.07,238.15,-26.30
-31.00,243.87,-28.98
-33.11,255.77,-36.13
-33.49,260.47,-39.20
-33.30,265.04,-42.22
-38.28,272.54,-47.15
-42.68,278.16,-51.58
-41.15,287.03,-59.76
-47.84,292.63,-64.65
-40.38,297.62,-70.16
-51.29,307.34,-78.43
-52.06,311.03,-83.03
-58.37,315.43,-88.67
-59.33,322.56,-100.26
-62.58,323.92,-102.55
-66.41,329.99,-114.26
-66.98,334.32,-124.16
-66.98,335.09,-125.96
-73.30,339.97,-137.46
-73.87,341.94,-144.04
-79.81,343.54,-149.57
-81.34,346.12,-163.93
-84.21,346.57,-166.84
-91.48,347.33,-174.37
-90.71,347.14,-181.95
-91.86,346.95,-197.10
-92.44,346.72,-203.97
-97.03,346.55,-208.17
-98.18,345.00,-220.70
-105.07,344.24,-225.98
-102.96,341.21,-237.22
-107.56,340.40,-240.78
-110.62,336.08,-254.42
-111.00,334.01,-259.94
-116.93,332.55,-263.74
-120.19,325.88,-276.87
-120.19,322.21,-283.17
-124.78,320.80,-285.60
-127.65,312.87,-297.01
-129.18,311.16,-299.23
-133.39,302.12,-310.32
-133.01,298.07,-314.60
-141.05,293.67,-319.32
-143.15,281.78,-328.93
-143.73,276.95,-332.55
-149.28,272.31,-335.95
-150.62,261.10,-342.62
-151.96,259.75,-343.38
-155.02,248.86,-349.18
-154.25,248.35,-349.42
-161.52,243.55,-351.73
-166.31,237.03,-353.91
-166.31,231.03,-355.37
-166.12,222.17,-357.53
-175.30,211.00,-360.29
-176.07,204.01,-360.87
-176.26,197.15,-361.34
-176.45,193.37,-361.58
-0.96,4.63,0.00
-0.38,16.55,-0.20
0.19,23.71,-0.25
-0.38,31.14,-0.22
-0.19,43.35,-0.30
-0.38,50.22,-0.33
-1.34,57.38,-0.37
-1.72,68.88,-0.64
-2.30,74.91,-0.82
-2.49,86.54,-1.29
-2.30,93.69,-1.60
-4.21,104.62,-2.04
-4.02,111.20,-2.52
-5.17,119.87,-3.13
-7.46,132.73,-4.30
-7.66,137.88,-4.97
-9.19,148.44,-6.39
-10.33,154.54,-7.38
-14.54,166.41,-9.54
-18.37,172.65,-11.16
-16.08,184.90,-15.23
-20.67,190.29,-16.78
-22.20,202.63,-21.44
-22.77,205.62,-22.66
-24.11,218.42,-28.03
-24.31,223.93,-30.50
-27.94,229.43,-32.98
-29.28,239.47,-38.31
-35.41,245.58,-41.74
-36.17,256.79,-49.70
-37.51,258.26,-50.78
-40.96,268.50,-58.64
-45.74,272.21,-61.86
-44.78,280.14,-69.99
-51.48,284.42,-74.24
-53.40,293.33,-85.44
-53.59,296.93,-90.28
-59.90,299.51,-93.78
-62.58,306.69,-106.16
-62.96,309.40,-111.39
-69.66,312.14,-116.76
-70.81,317.21,-130.44
-70.81,317.77,-132.03
-77.32,321.64,-143.16
-76.55,323.67,-152.20
-82.10,324.62,-156.15
-84.40,326.66,-170.88
-85.16,327.21,-176.47
-90.91,327.64,-181.50
-92.82,327.44,-194.13
-98.18,327.20,-198.89
-101.43,325.23,-212.64
-101.62,324.03,-218.55
-105.26,322.82,-224.46
-106.22,318.94,-238.67
-106.79,317.18,-244.73
-109.09,316.69,-246.34
-114.06,312.19,-259.34
-115.78,311.11,-261.77
-120.00,304.64,-275.16
-119.42,301.76,-280.14
-124.59,300.04,-283.20
-128.61,291.68,-295.32
-128.03,290.89,-296.31
-137.22,283.46,-305.81
-137.79,274.29,-314.29
-141.05,272.32,-316.08
-143.73,262.28,-324.20
-144.30,254.70,-329.76
-150.62,250.72,-332.62
-153.10,238.37,-339.58
-153.30,232.99,-342.30
-158.27,229.48,-344.07
-159.42,216.97,-349.06
-159.04,216.18,-349.35
-161.72,214.61,-349.95
-170.14,205.55,-352.95
-174.73,200.30,-353.86
-167.46,192.48,-354.58
-178.37,180.29,-357.29
-179.13,173.56,-357.48
-179.51,167.11,-357.58
-179.90,157.29,-357.67
174.74,150.55,-357.68
174.17,149.57,-357.59
0.00,5.89,0.00
-0.19,13.61,0.00
-0.19,19.78,-0.02
-0.77,31.42,-0.06
-0.96,38.30,-0.15
-1.53,49.10,-0.33
-1.53,56.11,-0.52
-2.30,66.21,-0.79
-2.68,77.14,-1.23
-2.30,84.71,-1.58
-2.49,91.30,-1.85
-3.44,103.49,-2.38
-3.83,109.37,-2.73
-7.08,121.55,-3.54
-10.14,127.95,-4.34
-11.48,139.42,-6.39
-11.48,143.27,-7.17
-12.63,155.09,-9.57
-15.69,161.39,-10.99
-13.21,170.98,-13.68
-19.90,177.67,-15.25
-21.24,191.52,-20.26
-21.43,197.40,-22.55
-26.03,201.32,-24.09
-28.13,213.55,-30.06
-28.52,218.50,-32.71
-33.68,224.54,-35.99
-34.45,237.38,-44.55
-34.26,242.12,-47.80
-39.81,245.48,-50.09
-42.68,256.80,-59.52
-42.87,261.44,-63.80
-49.18,265.04,-67.14
-51.10,274.76,-78.40
-51.48,278.28,-82.76
-58.75,281.78,-87.15
-60.86,289.13,-99.27
-64.30,291.31,-103.19
-67.37,297.03,-115.07
-67.75,299.62,-121.29
-70.62,301.59,-126.09
-71.00,305.50,-137.21
-77.51,307.23,-142.25
-78.66,310.27,-155.94
-80.76,310.74,-158.28
-88.23,312.20,-167.28
-91.86,312.44,-175.00
-83.63,312.16,-183.55
-92.82,312.94,-190.52
-96.07,312.23,-204.95
-96.46,311.49,-211.93
-101.24,311.03,-215.97
-102.77,308.24,-230.00
-103.15,306.94,-235.75
-109.47,305.89,-240.26
-112.34,300.88,-254.41
-112.91,298.59,-259.99
-118.27,297.06,-263.61
-120.76,290.48,-275.84
-123.44,289.05,-278.25
-125.93,281.08,-290.31
-125.35,277.54,-295.19
-133.77,274.13,-300.00
-137.22,263.85,-310.74
-137.79,259.21,-315.03
-141.62,255.47,-318.42
-142.58,245.46,-326.34
-148.32,241.45,-329.41
-151.96,229.87,-336.56
-152.53,221.33,-341.11
-156.17,218.72,-342.47
-158.08,207.42,-347.46
-158.08,207.16,-347.56
-160.76,205.34,-348.30
-167.27,200.57,-349.96
-165.35,188.80,-352.62
-172.43,182.15,-354.36
-174.73,174.09,-355.43
-179.71,166.54,-356.13
179.53,158.97,-356.17
179.15,146.06,-356.06
179.15,139.61,-355.96
179.34,132.74,-355.86
176.66,120.11,-355.71
176.08,119.41,-355.67
0.00,3.09,0.00
2.87,9.40,0.00
4.21,15.70,0.32
3.64,24.52,0.97
3.06,31.10,1.38
2.11,43.57,2.05
0.38,49.03,2.25
0.38,62.78,2.34
0.38,68.67,2.38
-0.38,81.02,2.46
-0.77,86.35,2.43
-2.87,97.99,2.27
-3.64,105.00,1.92
-7.46,118.16,1.09
-6.12,123.86,0.34
-6.12,129.72,-0.29
-10.14,144.65,-1.89
-10.72,150.31,-2.90
-11.48,156.10,-4.00
-14.54,169.30,-6.68
-20.29,177.44,-8.79
-11.10,184.02,-11.23
-22.77,196.55,-13.68
-23.73,202.37,-16.13
-24.11,207.51,-18.39
-28.32,219.03,-23.55
-31.00,225.70,-27.14
-32.15,236.28,-33.50
-35.79,239.49,-35.51
-38.47,249.50,-42.73
-39.42,255.55,-47.53
-41.91,259.12,-50.47
-42.87,269.46,-59.75
-44.78,271.31,-61.47
-47.84,280.87,-70.96
-53.59,285.20,-75.74
-54.16,290.44,-82.85
-59.71,294.47,-88.42
-61.43,301.90,-101.14
-61.82,304.85,-106.57
-64.30,307.04,-110.65
-66.22,309.84,-116.46
-70.43,315.04,-128.27
-70.05,316.83,-133.29
-78.47,319.41,-140.42
-80.38,322.50,-155.54
-81.34,323.50,-161.48
-86.70,324.52,-168.14
-87.84,325.25,-180.75
-89.95,325.33,-182.85
-94.16,325.34,-195.19
-94.73,324.82,-202.33
-101.43,324.21,-209.74
-102.58,321.20,-224.59
-103.15,319.89,-230.48
-106.79,319.35,-232.80
-109.85,315.13,-246.77
-110.43,313.08,-252.44
-116.36,311.56,-256.52
-119.61,305.02,-269.72
-120.19,302.32,-274.47
-126.12,299.01,-280.17
-127.65,291.23,-290.83
-129.76,290.12,-292.27
-132.82,282.04,-301.98
-138.94,278.23,-306.09
-141.24,267.65,-315.31
-141.05,262.95,-319.08
-146.98,257.82,-323.23
-148.32,245.23,-331.41
-149.08,239.98,-334.65
-154.06,235.41,-337.39
-155.59,227.59,-341.19
-157.31,226.44,-341.72
-164.20,221.78,-343.66
-165.35,215.57,-345.42
-165.74,204.17,-348.40
-173.01,196.82,-350.27
-173.96,188.89,-351.24
-174.54,181.21,-352.05
-173.77,173.95,-352.75
178.19,166.14,-353.60
178.19,152.68,-353.17
178.57,149.32,-353.07
178.57,149.32,-353.07
