0.00,0.00,0.00
-1.74,2.98,0.00
-3.48,10.50,-0.23
-3.29,18.71,-0.73
-1.94,26.93,-1.20
-2.32,35.73,-1.50
-1.94,44.80,-1.87
-1.36,53.45,-2.16
-2.13,62.25,-2.37
-3.48,70.33,-2.67
-4.65,78.55,-3.17
-6.39,88.03,-3.94
-8.13,96.91,-4.93
-10.45,105.34,-6.14
-13.16,113.71,-7.68
-15.10,121.45,-9.49
-17.81,129.54,-11.67
-20.33,137.78,-14.32
-22.84,145.90,-17.33
-25.17,153.74,-20.64
-27.49,161.19,-24.14
-30.78,168.37,-27.87
-31.94,175.44,-32.08
-34.65,182.43,-36.44
-37.56,189.78,-41.52
-40.08,196.19,-46.45
-42.79,202.93,-52.12
-45.30,209.28,-58.00
-48.01,215.27,-64.05
-50.34,220.58,-69.96
-53.24,225.75,-76.18
-56.92,230.93,-83.12
-59.05,235.81,-90.61
-61.18,240.26,-98.04
-63.11,244.50,-105.74
-65.44,248.23,-113.09
-68.73,251.71,-120.70
-72.02,254.74,-128.50
-74.92,257.33,-136.47
-77.44,259.43,-144.28
-80.15,261.31,-152.73
-82.28,262.84,-161.54
-84.80,264.01,-170.12
-87.51,264.78,-178.60
-90.02,265.13,-186.68
-92.73,265.13,-195.19
-95.83,264.71,-203.84
-98.54,263.82,-212.59
-100.87,262.56,-221.01
-102.61,260.98,-229.24
-106.09,258.99,-238.10
-109.00,256.52,-246.69
-112.09,253.84,-254.47
-114.42,250.63,-262.36
-116.35,247.35,-269.60
-119.06,243.57,-277.23
-121.77,239.29,-284.92
-124.49,234.51,-292.64
-127.39,229.93,-299.31
-130.10,224.93,-305.85
-132.42,219.27,-312.58
-134.36,213.90,-318.45
-137.26,208.05,-324.43
-140.17,201.69,-330.31
-142.68,195.48,-335.49
-145.59,188.60,-340.74
-148.10,181.45,-345.63
-151.01,174.10,-350.20
-153.14,167.03,-354.12
-156.04,159.05,-358.16
-158.95,150.62,-361.91
-161.08,142.28,-365.12
-163.40,133.42,-368.16
-166.69,125.12,-370.63
-169.59,116.70,-372.63
-172.50,108.18,-374.19
-175.02,99.32,-375.36
-176.18,91.12,-376.07
-178.11,85.17,-376.47
-175.79,79.78,-376.65
-175.98,72.85,-377.16
-178.89,64.21,-377.76
179.95,55.98,-377.92
179.56,47.47,-377.92
-179.86,39.66,-377.86
0.00,0.00,0.00
-3.10,2.84,0.00
-6.97,9.64,-0.37
-8.13,18.66,-1.47
-6.58,27.65,-2.75
-4.45,36.53,-3.78
-4.26,45.16,-4.45
-5.61,53.79,-5.09
-6.97,61.84,-5.89
-8.13,70.86,-6.99
-8.52,79.85,-8.27
-10.65,88.69,-9.60
-13.16,96.92,-11.14
-16.07,105.35,-13.12
-18.20,113.94,-15.59
-20.52,122.03,-18.25
-22.65,129.87,-21.19
-25.56,137.86,-24.52
-27.49,145.03,-27.95
-30.40,152.21,-31.68
-32.33,159.31,-35.85
-35.24,166.62,-40.48
-37.56,173.81,-45.55
-40.66,180.33,-50.57
-43.75,187.01,-56.30
-45.88,193.26,-62.29
-48.79,199.49,-68.71
-51.50,204.72,-74.69
-53.82,209.67,-80.91
-56.34,214.70,-87.78
-59.24,219.50,-94.98
-61.57,223.99,-102.55
-63.50,228.05,-110.03
-66.60,231.85,-117.65
-69.50,235.40,-125.86
-72.41,238.43,-133.97
-75.50,241.00,-142.09
-77.83,243.07,-150.05
-80.54,244.86,-158.38
-82.67,246.28,-166.92
-85.18,247.37,-175.36
-87.31,248.12,-184.27
-90.61,248.51,-192.64
-94.09,248.42,-201.43
-96.61,247.80,-210.07
-98.93,246.79,-218.81
-101.64,245.47,-227.22
-103.38,243.78,-235.42
-106.09,241.81,-243.71
-109.38,239.33,-252.30
-112.68,236.36,-260.73
-115.39,233.08,-268.59
-117.90,229.49,-276.15
-120.61,225.24,-284.18
-123.32,220.76,-291.75
-126.23,216.16,-298.75
-127.58,211.21,-305.50
-130.49,206.10,-312.14
-132.81,200.58,-318.61
-135.33,194.89,-324.76
-138.04,188.83,-330.74
-140.55,182.82,-336.15
-143.85,176.13,-341.65
-147.72,169.03,-346.84
-149.46,161.95,-351.31
-151.59,154.25,-355.86
-153.53,147.01,-359.77
-156.24,139.13,-363.70
-159.14,130.69,-367.41
-162.62,122.20,-370.65
-164.95,113.80,-373.28
-167.66,105.03,-375.63
-170.18,96.02,-377.61
-173.08,87.21,-379.13
-176.37,78.62,-380.17
-177.53,70.40,-380.70
-179.47,64.73,-380.94
-176.76,60.19,-380.98
-175.98,53.96,-381.34
-178.89,45.60,-381.92
179.37,36.95,-382.09
179.56,28.58,-382.00
179.56,20.91,-381.94
178.79,12.11,-381.87
178.40,3.03,-381.68
0.00,0.00,0.00
-1.16,3.41,0.00
-5.03,10.78,-0.15
-8.52,19.27,-0.90
-10.45,27.41,-2.12
-9.87,36.48,-3.79
-8.71,45.43,-5.35
-8.91,53.98,-6.66
-10.07,63.24,-8.11
-10.26,71.48,-9.57
-11.81,79.86,-11.09
-14.33,88.33,-12.86
-16.07,97.00,-15.07
-17.81,105.59,-17.55
-20.13,113.42,-20.07
-22.84,121.42,-23.00
-25.94,129.53,-26.41
-27.88,136.93,-30.01
-30.20,144.21,-33.86
-31.94,151.20,-37.93
-34.27,158.42,-42.44
-37.75,165.93,-47.55
-40.08,172.89,-52.94
-42.59,179.29,-58.33
-45.30,185.56,-64.09
-48.59,191.65,-70.24
-50.92,197.09,-76.42
-53.43,202.19,-82.70
-55.95,207.69,-90.11
-58.08,212.38,-97.04
-60.79,216.95,-104.39
-63.50,221.25,-112.07
-66.41,224.98,-119.57
-68.92,228.22,-126.98
-71.83,231.23,-134.79
-74.92,233.98,-143.15
-77.63,236.27,-151.65
-80.34,238.21,-160.52
-83.05,239.64,-168.91
-85.18,240.62,-176.94
-87.89,241.33,-185.43
-90.41,241.64,-193.80
-92.73,241.58,-202.59
-94.86,241.15,-211.52
-98.35,240.40,-220.29
-101.25,239.11,-229.14
-103.96,237.44,-237.49
-106.67,235.32,-246.03
-109.00,232.96,-253.91
-111.71,230.19,-261.96
-114.42,226.93,-270.14
-116.74,223.30,-278.15
-118.87,219.40,-285.88
-121.97,215.29,-293.34
-125.84,210.63,-300.80
-127.58,205.73,-307.59
-130.10,200.62,-314.23
-132.62,195.23,-320.63
-134.36,189.75,-326.58
-137.07,183.60,-332.88
-140.55,177.36,-338.67
-143.65,170.79,-344.08
-146.17,164.05,-349.05
-148.49,157.21,-353.63
-150.62,149.83,-358.15
-153.14,142.28,-362.40
-155.66,134.31,-366.44
-157.98,126.03,-370.19
-161.08,117.61,-373.59
-164.75,109.16,-376.49
-167.66,100.53,-378.84
-169.40,92.07,-380.69
-171.72,83.70,-382.26
-174.82,74.71,-383.57
-176.56,66.09,-384.35
-178.50,60.43,-384.69
-175.40,55.60,-384.81
-176.37,48.67,-385.37
-178.11,40.60,-385.88
-179.08,32.51,-386.15
179.95,23.86,-386.29
-179.08,15.77,-386.28
-179.27,6.54,-386.43
-179.66,-1.97,-386.54
179.95,-10.77,-386.59
0.00,0.00,0.00
-2.52,3.26,0.00
-5.81,10.92,-0.34
-7.55,19.25,-1.18
-6.78,27.97,-2.34
-7.36,36.57,-3.36
-7.94,45.15,-4.47
-9.29,54.01,-5.70
-11.04,62.41,-7.08
-12.78,71.19,-8.79
-14.91,79.63,-10.71
-17.23,88.13,-12.97
-19.75,96.67,-15.62
-22.26,104.55,-18.45
-24.78,112.57,-21.73
-26.72,120.04,-25.18
-28.46,126.76,-28.56
-30.59,133.87,-32.41
-33.30,141.69,-37.03
-36.98,149.16,-41.94
-39.49,155.85,-46.98
-42.59,162.42,-52.40
-45.11,168.69,-58.16
-47.82,174.70,-64.19
-50.34,180.23,-70.29
-52.47,185.57,-76.74
-55.37,190.84,-83.60
-58.47,196.01,-91.07
-61.18,200.46,-98.33
-62.92,204.63,-105.92
-65.44,208.31,-113.12
-68.73,211.91,-120.99
-71.63,215.05,-129.06
-73.76,217.83,-137.41
-76.86,220.21,-145.59
-79.18,222.14,-153.88
-82.09,223.72,-162.10
-84.99,224.91,-170.68
-87.70,225.65,-179.16
-89.64,226.00,-187.95
-92.54,226.06,-196.32
-95.64,225.64,-205.68
-98.16,224.76,-214.58
-101.06,223.53,-223.15
-103.77,221.90,-231.50
-106.09,219.94,-239.50
-108.61,217.54,-247.82
-111.51,214.78,-256.02
-113.64,211.50,-264.34
-116.35,208.14,-272.01
-119.65,204.17,-280.02
-122.94,199.75,-287.79
-125.26,195.12,-294.94
-127.78,190.45,-301.54
-129.33,185.41,-308.05
-132.23,180.28,-314.31
-135.13,174.47,-320.72
-138.23,168.23,-326.92
-140.55,161.88,-332.60
-143.07,155.63,-337.74
-146.56,148.60,-343.02
-149.85,141.61,-347.64
-151.78,134.25,-351.91
-154.49,126.24,-356.21
-156.24,118.18,-360.06
-158.95,109.86,-363.72
-162.04,101.39,-366.98
-165.14,92.75,-369.78
-167.66,84.38,-372.00
-170.37,75.78,-373.88
-173.85,66.83,-375.40
-175.02,58.08,-376.34
-177.14,50.02,-377.05
-177.34,45.06,-377.29
-173.66,41.23,-377.47
-174.43,35.31,-378.13
-178.11,27.26,-378.91
179.56,18.46,-379.20
179.76,10.09,-379.14
-179.47,1.86,-379.11
-179.66,-6.80,-379.19
178.79,-15.59,-379.24
178.60,-25.10,-379.04
179.95,-34.32,-378.81
-179.86,-43.26,-378.80
0.00,0.00,0.00
-2.32,3.41,0.00
-5.03,10.78,-0.30
-6.00,19.40,-1.06
-4.65,28.01,-1.96
-5.03,36.78,-2.68
-5.61,45.41,-3.44
-6.58,54.02,-4.28
-7.36,63.04,-5.32
-9.68,71.77,-6.45
-11.42,80.30,-7.91
-13.55,88.79,-9.62
-15.68,97.21,-11.65
-17.62,105.13,-13.87
-19.94,113.25,-16.45
-22.46,121.12,-19.31
-24.97,129.12,-22.61
-27.10,136.45,-26.03
-30.01,143.40,-29.59
-32.72,151.02,-33.99
-35.82,158.42,-38.74
-38.33,165.44,-43.81
-40.66,172.12,-49.09
-42.98,178.58,-54.64
-46.08,184.81,-60.44
-48.59,190.62,-66.47
-51.30,196.06,-72.65
-54.21,201.30,-79.18
-57.50,206.36,-86.20
-60.02,211.32,-93.98
-61.76,215.64,-101.48
-65.05,219.87,-109.36
-66.99,223.23,-116.56
-70.28,226.50,-124.27
-72.79,229.42,-132.42
-76.09,231.98,-140.69
-78.02,234.03,-148.95
-80.15,235.77,-157.15
-83.05,237.34,-166.23
-86.35,238.39,-174.83
-89.06,238.95,-183.61
-91.96,239.09,-191.98
-93.32,238.80,-200.35
-96.22,238.30,-208.99
-98.93,237.35,-217.74
-101.83,236.01,-226.29
-104.16,234.20,-234.90
-107.06,232.08,-243.30
-110.55,229.50,-251.71
-112.68,226.56,-259.55
-115.00,223.17,-267.67
-117.52,219.63,-275.25
-120.23,215.70,-282.81
-122.94,211.27,-290.41
-125.65,206.49,-297.79
-128.36,201.52,-304.71
-130.49,196.50,-311.06
-133.58,190.98,-317.53
-137.26,185.20,-323.60
-139.59,178.95,-329.38
-142.49,172.36,-334.99
-144.23,165.94,-339.91
-147.33,158.80,-345.06
-149.85,151.51,-349.73
-152.75,144.03,-354.08
-154.69,136.21,-358.11
-157.01,128.25,-361.87
-160.11,119.89,-365.42
-162.82,111.08,-368.60
-165.53,102.41,-371.29
-168.63,93.89,-373.49
-171.72,85.54,-375.16
-174.05,76.83,-376.43
-175.60,68.36,-377.31
-177.92,61.85,-377.82
-175.40,56.89,-378.00
-174.05,51.37,-378.44
-176.76,43.19,-379.29
-178.89,34.40,-379.79
-179.47,26.03,-379.95
-179.27,18.22,-380.03
-179.66,9.57,-380.14
-178.89,1.05,-380.19
-178.89,-7.74,-380.36
-179.47,-16.97,-380.54
