0.00,0.00,0.00
0.00,0.00,0.00
1.53,1.40,0.00
2.11,7.72,0.17
0.96,20.63,0.64
-0.38,35.09,0.89
-0.19,47.30,0.80
-0.57,58.82,0.77
-0.38,69.63,0.66
-0.19,79.88,0.59
-0.19,89.42,0.56
-1.15,98.83,0.53
-1.72,107.68,0.35
-1.72,115.25,0.12
-1.92,125.22,-0.18
-2.68,135.32,-0.52
-2.11,144.44,-0.95
-1.15,154.40,-1.31
-1.34,164.37,-1.51
-1.34,175.04,-1.76
-1.72,185.70,-2.01
-1.72,195.53,-2.31
-2.30,206.05,-2.62
-2.68,217.56,-3.09
-2.11,228.64,-3.60
-2.30,238.88,-3.98
-2.11,249.12,-4.39
-2.87,258.66,-4.74
-3.26,267.36,-5.18
-2.68,277.03,-5.73
-2.68,286.85,-6.19
-2.11,296.52,-6.64
-2.49,306.63,-7.01
-2.87,317.01,-7.47
-2.87,327.66,-8.00
-3.06,337.90,-8.51
-2.49,348.70,-9.09
-2.49,358.80,-9.53
-3.45,368.76,-9.96
-3.26,378.71,-10.56
-2.87,388.24,-11.11
-1.72,396.93,-11.54
-1.53,406.06,-11.82
-1.53,415.88,-12.08
-1.72,425.57,-12.34
-1.53,436.09,-12.66
-1.34,446.90,-12.95
-1.53,457.71,-13.20
-1.72,468.23,-13.48
-0.77,478.48,-13.79
-0.19,488.17,-13.92
0.96,496.87,-13.95
1.15,505.43,-13.80
0.96,513.72,-13.64
0.77,522.00,-13.50
0.57,531.41,-13.37
0.38,540.81,-13.28
0.38,551.20,-13.21
-0.19,563.14,-13.13
0.38,574.51,-13.17
0.38,584.90,-13.10
0.96,594.87,-13.03
1.34,604.13,-12.88
1.53,613.26,-12.66
1.34,621.54,-12.44
1.15,629.82,-12.25
0.77,638.24,-12.08
0.38,647.79,-11.95
-0.57,657.76,-11.88
-1.53,668.57,-11.99
-1.72,679.94,-12.30
-1.92,691.02,-12.63
-2.11,701.27,-12.97
-2.68,710.95,-13.33
-3.06,719.93,-13.75
-3.64,728.48,-14.21
-4.21,737.03,-14.75
-4.79,746.41,-15.44
-5.36,755.78,-16.23
-6.13,766.13,-17.20
-6.32,776.60,-18.32
-6.13,787.06,-19.48
-5.94,796.98,-20.55
-6.51,807.73,-21.67
-6.70,819.31,-22.99
***********
0.00,0.00,0.00
0.57,0.70,0.00
0.57,7.72,0.07
0.38,21.34,0.21
0.38,36.50,0.31
-0.19,49.56,0.40
-0.38,60.37,0.36
-0.77,69.92,0.30
-1.34,79.89,0.16
-0.77,89.85,-0.07
-0.57,99.82,-0.20
-0.38,109.79,-0.30
-0.77,121.02,-0.38
-1.15,131.97,-0.53
-1.72,142.22,-0.73
-1.72,152.61,-1.04
-1.53,162.85,-1.35
-1.72,172.54,-1.61
-1.72,183.20,-1.93
-1.15,194.57,-2.27
-1.53,204.96,-2.48
-2.30,214.78,-2.75
-2.11,226.43,-3.21
-1.92,237.79,-3.63
-2.11,247.76,-3.96
-2.49,257.30,-4.32
-3.06,265.85,-4.69
-3.83,273.42,-5.09
-3.64,282.25,-5.68
-3.26,292.62,-6.34
-4.02,302.71,-6.92
-5.55,314.20,-7.73
-6.13,326.08,-8.88
-5.94,336.83,-10.03
-5.75,346.46,-11.04
-5.75,355.68,-11.96
-5.55,364.20,-12.82
-5.17,371.75,-13.56
-4.41,379.86,-14.29
-2.68,388.68,-14.97
-1.34,399.48,-15.48
-0.96,410.99,-15.74
-0.77,422.36,-15.93
-0.38,433.03,-16.08
-0.00,442.02,-16.14
0.19,449.74,-16.14
0.57,458.44,-16.11
0.38,467.01,-16.02
0.57,477.54,-15.95
1.15,488.63,-15.84
1.72,499.16,-15.63
0.96,509.54,-15.32
0.77,518.95,-15.16
1.34,527.79,-15.04
2.30,536.36,-14.84
3.06,544.77,-14.50
2.49,554.17,-14.00
1.53,564.69,-13.54
-0.19,575.50,-13.25
-0.96,586.45,-13.29
-1.53,596.42,-13.46
-2.11,606.38,-13.72
-2.87,615.36,-14.05
-2.87,624.06,-14.49
-3.64,632.19,-14.90
-3.83,640.74,-15.44
-4.21,650.54,-16.10
-4.21,660.62,-16.84
-4.79,670.57,-17.57
-5.55,681.48,-18.49
-5.55,693.22,-19.63
-5.17,703.56,-20.64
-5.75,712.93,-21.48
-6.13,721.87,-22.38
-6.51,729.97,-23.25
-6.90,738.62,-24.24
-7.85,749.07,-25.50
-8.43,760.34,-27.06
-8.62,771.03,-28.64
-8.81,781.16,-30.18
-8.62,790.46,-31.62
-8.81,799.48,-32.99
-9.00,807.12,-34.17
-8.04,815.30,-35.47
-7.47,818.50,-35.92
***********
1.53,1.12,0.00
1.72,1.54,0.01
4.98,5.61,0.13
3.06,17.92,1.21
0.19,33.21,2.02
-1.53,47.11,2.07
-1.92,59.18,1.75
-1.72,69.42,1.41
-0.57,78.40,1.14
-0.57,88.23,1.04
-0.96,98.62,0.93
-1.15,109.15,0.76
-0.96,119.40,0.55
-0.77,129.36,0.38
-1.34,140.17,0.24
-1.34,151.12,-0.02
-2.68,161.93,-0.27
-2.30,172.87,-0.78
-1.15,183.53,-1.21
-0.57,193.50,-1.41
-0.00,203.75,-1.51
0.38,213.02,-1.51
0.38,224.25,-1.44
0.19,235.62,-1.36
0.19,246.01,-1.33
-0.38,256.26,-1.29
-0.00,266.09,-1.36
0.19,274.37,-1.36
0.57,283.36,-1.33
0.57,292.63,-1.24
0.38,301.75,-1.14
0.57,311.44,-1.08
0.38,321.97,-0.97
-0.57,332.50,-0.90
-0.77,343.31,-1.01
-0.77,355.38,-1.17
-0.19,366.19,-1.32
-0.19,376.30,-1.35
-0.38,385.99,-1.38
-0.57,395.12,-1.44
-0.77,403.40,-1.53
-0.96,411.12,-1.63
-0.77,419.69,-1.77
-0.38,429.23,-1.90
0.00,441.03,-1.98
0.38,452.82,-1.98
0.38,464.62,-1.90
0.96,474.58,-1.84
0.57,483.85,-1.68
0.19,492.55,-1.59
-0.38,500.56,-1.57
-0.19,509.12,-1.62
0.19,519.51,-1.66
0.19,530.46,-1.62
0.38,540.15,-1.59
0.57,551.80,-1.51
0.57,562.76,-1.40
0.38,573.29,-1.30
0.00,583.11,-1.23
0.38,591.54,-1.23
0.00,599.96,-1.17
-0.38,607.54,-1.17
-0.38,617.09,-1.24
-0.57,627.34,-1.31
-0.38,637.59,-1.41
0.57,650.09,-1.49
0.19,661.32,-1.38
-0.38,671.57,-1.35
0.19,680.98,-1.41
0.38,689.26,-1.38
0.77,697.40,-1.33
-0.19,707.09,-1.20
-0.38,717.06,-1.23
-0.96,728.15,-1.30
-1.15,739.24,-1.49
-1.34,750.61,-1.72
-1.92,761.70,-1.98
-1.92,771.80,-2.32
-2.87,780.93,-2.62
-2.68,789.48,-3.05
-2.87,797.75,-3.44
-3.64,806.17,-3.86
-5.17,814.58,-4.39
-5.17,824.36,-5.28
-5.36,825.90,-5.42
***********
0.00,0.00,0.00
-0.19,0.14,0.00
1.53,4.49,-0.01
0.77,17.41,0.33
-0.38,33.13,0.54
-0.38,46.61,0.45
-0.57,57.98,0.37
-0.38,67.67,0.28
0.19,76.79,0.22
-0.38,86.48,0.25
-0.57,97.29,0.18
-0.77,107.26,0.08
-0.57,117.79,-0.06
-0.57,128.74,-0.17
-0.77,140.12,-0.29
-1.53,150.50,-0.43
-1.92,160.61,-0.70
-1.92,171.56,-1.06
-1.53,182.22,-1.42
-1.34,191.91,-1.68
-1.34,202.01,-1.92
-1.92,213.38,-2.18
-1.92,224.61,-2.56
-1.92,234.71,-2.89
-1.15,244.81,-3.23
-1.34,254.78,-3.43
-1.72,264.61,-3.66
-2.30,275.41,-3.99
-2.68,286.92,-4.45
-2.49,298.28,-4.98
-2.30,307.96,-5.40
-2.68,317.78,-5.80
-2.68,328.44,-6.30
-2.68,339.66,-6.82
-2.49,351.58,-7.38
-2.30,362.38,-7.85
-2.87,372.62,-8.26
-3.45,382.30,-8.75
-4.21,391.27,-9.29
-4.02,400.37,-9.96
-3.64,409.61,-10.61
-3.26,420.26,-11.28
-2.49,432.32,-11.97
-1.53,443.40,-12.45
-0.77,453.22,-12.72
-0.57,462.63,-12.84
-0.77,471.19,-12.93
-1.15,479.62,-13.04
-0.77,488.04,-13.21
-0.96,497.45,-13.33
-0.57,507.27,-13.50
0.19,518.23,-13.61
0.57,529.18,-13.57
0.77,540.55,-13.46
0.38,551.50,-13.31
0.57,561.47,-13.24
0.00,570.60,-13.15
-0.57,578.60,-13.15
-0.19,587.02,-13.24
0.00,595.87,-13.27
0.38,604.57,-13.27
0.19,615.10,-13.20
0.38,627.88,-13.15
0.00,639.95,-13.07
-0.38,650.06,-13.07
0.00,659.89,-13.14
0.19,668.46,-13.14
0.57,676.60,-13.11
0.19,685.31,-13.02
0.57,694.85,-12.99
-0.57,706.37,-12.88
-1.15,717.74,-12.99
-1.53,729.53,-13.23
-1.92,741.04,-13.54
-2.49,751.00,-13.87
-2.87,759.70,-14.25
-3.64,767.83,-14.66
-4.41,775.68,-15.15
-4.21,783.94,-15.79
-4.02,794.44,-16.56
-3.06,805.51,-17.34
-3.64,816.30,-17.92
-4.21,827.65,-18.64
-4.79,838.99,-19.48
-4.60,845.29,-20.01
***********
0.00,0.28,0.00
0.57,0.70,0.00
0.00,7.02,0.06
0.00,19.66,0.06
-0.38,35.10,0.06
-0.57,50.12,-0.04
-0.57,61.92,-0.16
-1.34,72.03,-0.26
-1.92,81.15,-0.47
-2.49,90.27,-0.78
-3.06,100.23,-1.21
-4.21,110.61,-1.76
-4.79,121.39,-2.56
-4.79,132.02,-3.45
-5.36,143.36,-4.40
-4.98,153.98,-5.40
-5.55,164.19,-6.29
-6.13,174.39,-7.28
-7.28,184.72,-8.39
-8.62,195.17,-9.72
-9.00,206.00,-11.36
-8.81,216.40,-13.01
-8.81,227.50,-14.73
-8.24,237.90,-16.34
-8.43,247.77,-17.77
-9.19,257.21,-19.17
-9.19,265.81,-20.56
-8.62,274.82,-22.02
-8.04,284.67,-23.51
-7.09,294.82,-24.95
-5.75,305.83,-26.32
-4.60,317.00,-27.44
-3.26,328.34,-28.35
-2.30,338.85,-28.95
-2.11,348.54,-29.34
-1.53,357.66,-29.68
-1.34,365.94,-29.90
-0.77,373.94,-30.08
0.19,383.34,-30.21
0.96,394.58,-30.17
1.34,405.81,-29.98
1.92,416.33,-29.74
2.68,428.68,-29.33
2.87,439.20,-28.83
2.49,449.58,-28.31
3.06,459.26,-27.89
2.68,467.67,-27.44
2.30,475.52,-27.07
1.53,483.66,-26.75
0.96,493.35,-26.49
-0.00,503.88,-26.31
-1.34,513.84,-26.31
-2.11,524.51,-26.56
-3.06,536.44,-27.00
-4.41,547.51,-27.59
-5.17,557.59,-28.37
-5.17,566.54,-29.18
-5.55,575.21,-29.96
-6.51,583.46,-30.77
-6.90,592.11,-31.75
-6.90,602.14,-32.97
-6.51,612.46,-34.21
-6.13,623.34,-35.46
-6.32,635.49,-36.76
-5.55,646.37,-37.97
-5.55,656.99,-39.00
-6.32,666.21,-39.90
-7.09,675.15,-40.89
-7.85,682.67,-41.82
-7.85,691.29,-43.01
-7.28,701.73,-44.45
-6.32,712.73,-45.85
-5.94,723.89,-47.09
-5.17,735.62,-48.31
-4.60,746.67,-49.31
-4.60,756.19,-50.08
-4.21,765.42,-50.82
-3.64,773.97,-51.45
-4.02,782.65,-52.00
-4.60,792.04,-52.66
-4.41,802.81,-53.53
-4.60,813.31,-54.34
-4.21,825.35,-55.30
-3.45,836.55,-56.13
-4.21,838.23,-56.23
***********
