0.00,0.00,0.00
1.94,3.41,0.00
4.07,12.34,0.30
3.48,21.83,0.98
3.29,32.73,1.64
2.90,44.63,2.32
2.90,55.69,2.89
2.13,66.46,3.43
0.97,76.96,3.82
1.74,86.89,3.99
1.16,96.39,4.28
1.55,106.61,4.49
1.74,116.97,4.77
2.13,126.61,5.06
1.74,135.97,5.41
1.74,146.18,5.72
1.36,156.11,6.02
0.77,166.19,6.26
1.16,175.84,6.39
0.19,185.91,6.59
0.00,195.70,6.63
0.77,205.07,6.63
1.16,215.00,6.76
0.58,224.79,6.96
0.77,235.15,7.06
0.97,245.51,7.20
1.36,255.44,7.37
0.77,265.23,7.60
0.58,275.03,7.74
0.58,284.67,7.83
0.97,294.32,7.93
0.97,304.26,8.10
1.55,314.47,8.27
1.16,324.40,8.54
1.74,334.19,8.74
1.55,344.27,9.05
1.36,354.62,9.33
1.16,364.70,9.56
1.74,374.77,9.77
1.55,384.84,10.07
1.36,394.63,10.34
1.36,404.56,10.57
1.74,414.78,10.82
0.97,424.42,11.11
2.13,434.07,11.27
0.77,443.86,11.64
0.77,453.79,11.77
1.36,464.01,11.91
0.58,473.94,12.14
0.58,483.30,12.24
0.39,492.81,12.34
0.39,502.18,12.40
1.16,511.83,12.46
0.58,521.90,12.67
0.97,531.27,12.76
0.77,540.78,12.92
0.58,550.28,13.05
0.77,560.08,13.15
0.39,570.29,13.29
0.39,580.51,13.36
0.58,590.30,13.42
0.97,599.95,13.52
0.58,609.60,13.69
0.19,619.53,13.79
0.39,628.76,13.82
0.19,637.70,13.88
-0.39,647.78,13.91
-0.58,657.28,13.85
-0.39,667.08,13.75
0.39,676.73,13.68
-0.58,686.80,13.75
-0.58,696.74,13.65
-0.58,706.67,13.55
-0.39,716.74,13.45
-0.58,726.82,13.38
0.39,736.61,13.28
-0.19,746.40,13.35
-0.19,756.05,13.31
-0.77,766.13,13.28
-0.58,776.21,13.14
-1.36,786.14,13.04
-0.39,795.93,12.81
-0.58,805.72,12.75
-0.97,814.52,12.66
-0.39,824.88,12.48
***********
0.00,0.00,0.00
-0.19,3.55,0.00
-0.97,12.06,-0.03
0.19,22.00,-0.20
0.19,31.93,-0.16
0.19,41.01,-0.13
0.58,50.66,-0.10
0.77,60.17,-0.00
0.58,69.96,0.13
0.77,79.19,0.22
0.58,88.69,0.35
0.00,98.49,0.45
0.19,107.14,0.45
0.19,117.08,0.48
0.00,127.15,0.52
-0.19,136.09,0.52
0.00,145.32,0.49
0.58,153.69,0.49
0.97,163.06,0.58
0.97,172.71,0.74
0.39,182.21,0.91
0.77,191.58,0.97
0.58,201.09,1.10
0.77,210.59,1.19
1.16,220.53,1.33
1.16,230.74,1.53
1.16,240.39,1.73
2.13,249.90,1.92
1.55,259.68,2.29
1.74,269.76,2.56
1.36,279.40,2.85
2.13,289.05,3.08
1.74,298.98,3.45
1.55,308.77,3.75
1.55,319.26,4.03
1.74,329.05,4.30
1.55,339.12,4.60
1.55,348.77,4.86
0.77,358.13,5.12
1.16,367.50,5.24
1.36,377.29,5.44
0.58,386.37,5.66
0.97,396.02,5.75
0.97,405.67,5.92
1.74,415.32,6.08
0.97,424.68,6.37
1.16,434.47,6.53
0.97,443.98,6.72
1.55,452.92,6.87
0.97,462.14,7.12
1.74,471.79,7.29
0.97,481.43,7.58
1.16,491.51,7.75
1.74,501.30,7.95
1.74,511.23,8.25
1.55,521.01,8.55
2.32,530.38,8.80
2.13,540.16,9.20
1.55,549.38,9.54
1.36,558.60,9.79
1.55,567.82,10.01
1.36,577.90,10.28
0.58,587.83,10.52
0.19,597.76,10.62
0.97,607.13,10.65
1.16,616.63,10.81
0.19,626.71,11.01
0.58,636.64,11.05
0.00,646.43,11.15
0.58,655.09,11.15
0.00,664.31,11.24
1.36,673.26,11.24
1.36,683.47,11.48
0.97,693.69,11.72
1.16,703.48,11.89
1.16,713.41,12.09
0.39,723.34,12.29
1.16,733.27,12.36
1.16,743.21,12.56
0.77,751.72,12.73
0.58,761.23,12.86
1.94,771.59,12.97
1.74,781.66,13.31
1.36,791.02,13.59
1.36,800.95,13.83
***********
0.00,0.00,0.00
3.29,2.98,0.00
3.10,10.63,0.44
1.16,19.70,0.93
0.77,28.50,1.11
1.16,38.15,1.24
0.77,48.08,1.44
-0.19,57.02,1.56
0.77,66.24,1.53
0.77,75.89,1.66
0.97,85.68,1.79
-0.39,95.48,1.96
0.58,105.27,1.89
-0.00,115.06,1.99
-0.19,123.72,1.99
-0.39,132.66,1.96
-0.00,142.02,1.90
-0.00,151.11,1.90
-0.19,159.76,1.90
0.19,169.13,1.87
0.39,178.64,1.90
0.58,188.15,1.96
0.39,197.94,2.06
0.97,207.73,2.13
0.58,217.09,2.29
0.77,226.18,2.38
0.97,236.54,2.52
1.55,246.61,2.69
1.16,256.82,2.97
1.55,266.47,3.16
1.36,276.26,3.43
1.55,286.33,3.66
0.77,296.55,3.94
0.97,306.34,4.07
1.36,316.27,4.24
1.16,326.06,4.47
1.16,335.43,4.66
1.16,345.08,4.86
1.16,355.58,5.07
1.55,365.79,5.28
1.55,376.01,5.55
0.39,385.37,5.81
0.39,395.30,5.87
0.77,404.67,5.94
0.58,414.74,6.07
0.39,424.54,6.17
0.00,433.90,6.24
0.77,442.13,6.24
0.77,452.63,6.38
0.00,463.70,6.53
0.19,473.21,6.53
0.19,482.86,6.56
0.58,492.80,6.59
-0.58,502.45,6.69
-0.19,512.10,6.59
0.39,521.60,6.56
0.00,530.97,6.62
0.19,539.91,6.62
0.39,550.55,6.66
0.58,560.91,6.73
0.19,571.13,6.83
-0.19,580.78,6.87
-0.39,590.29,6.83
-1.36,599.51,6.77
-0.77,609.59,6.53
-1.16,619.24,6.40
-0.77,628.60,6.21
-0.97,637.83,6.09
-0.58,648.61,5.91
-0.39,659.54,5.80
-0.77,669.75,5.73
-1.36,679.55,5.59
-0.77,689.62,5.36
-0.39,699.84,5.22
-0.58,709.91,5.15
-0.58,719.85,5.05
-0.58,729.50,4.95
-0.77,739.29,4.85
0.00,749.22,4.72
0.39,759.44,4.72
0.39,768.80,4.78
-0.58,777.75,4.84
0.19,788.25,4.74
1.94,798.89,4.77
-0.58,808.82,5.11
***********
0.00,0.00,0.00
-0.19,2.41,0.00
-0.77,9.93,-0.03
-0.19,19.44,-0.15
-0.58,29.38,-0.19
-0.19,39.03,-0.29
0.00,48.53,-0.32
0.58,58.33,-0.32
-0.19,67.98,-0.22
0.39,77.77,-0.25
0.39,87.42,-0.19
0.58,97.49,-0.12
-0.39,107.57,-0.02
-0.39,117.50,-0.08
-0.39,127.15,-0.15
-0.39,137.09,-0.22
-0.19,146.88,-0.28
-0.19,157.10,-0.32
0.00,166.61,-0.35
0.39,175.69,-0.35
0.58,185.20,-0.29
0.00,194.99,-0.19
0.19,204.50,-0.19
0.00,214.29,-0.15
0.77,223.94,-0.15
0.77,233.31,-0.03
0.00,243.10,0.11
0.97,252.61,0.11
0.97,262.82,0.28
0.58,273.04,0.45
0.58,282.97,0.55
0.77,292.91,0.65
1.16,303.12,0.79
0.77,313.34,1.00
0.97,323.41,1.13
0.58,333.35,1.30
0.97,343.56,1.41
1.55,353.92,1.58
0.39,364.14,1.86
0.39,373.79,1.92
1.16,383.72,1.99
0.19,393.23,2.18
0.39,403.59,2.22
0.58,413.66,2.28
1.36,423.60,2.39
0.58,433.24,2.61
0.77,443.04,2.71
0.77,452.69,2.84
0.97,462.76,2.98
1.16,472.27,3.14
0.97,482.06,3.34
0.39,491.56,3.50
0.77,501.50,3.57
0.58,511.29,3.70
0.77,521.22,3.80
0.58,531.02,3.93
0.77,541.09,4.03
1.36,550.88,4.17
0.39,560.96,4.40
0.00,570.32,4.47
0.00,579.69,4.47
-0.19,588.63,4.47
-0.58,598.85,4.43
-0.58,608.78,4.33
-0.19,619.28,4.23
0.00,630.21,4.19
-0.39,640.14,4.19
-0.77,650.08,4.12
-0.58,660.15,3.99
-0.58,670.09,3.89
0.00,680.16,3.78
0.19,689.67,3.78
-0.77,699.75,3.82
-0.19,710.11,3.68
0.00,720.47,3.64
-0.19,730.26,3.64
-0.19,740.19,3.61
0.39,749.98,3.58
0.00,759.07,3.64
-0.58,768.72,3.64
0.58,779.22,3.53
0.19,789.44,3.63
-0.39,799.51,3.67
0.58,809.87,3.60
-0.77,819.95,3.70
***********
0.00,0.00,0.00
-3.29,3.26,0.00
-8.91,11.62,-0.48
-9.87,21.30,-2.00
-6.97,30.94,-3.68
-4.65,41.09,-4.92
-3.87,50.99,-5.72
-4.07,60.76,-6.38
-3.10,70.53,-7.08
-3.29,80.30,-7.61
-3.48,90.36,-8.18
-3.10,100.00,-8.77
-3.48,109.63,-9.29
-2.52,119.69,-9.90
-2.71,129.76,-10.35
-2.13,139.54,-10.81
-2.13,149.75,-11.19
-1.16,159.82,-11.56
-1.55,169.61,-11.76
-1.94,179.25,-12.02
-1.36,188.76,-12.34
-1.16,198.55,-12.58
-0.77,208.20,-12.77
-0.58,218.27,-12.91
-0.97,228.77,-13.01
-0.77,239.13,-13.19
-0.58,249.21,-13.33
-0.77,259.57,-13.43
-1.16,269.50,-13.56
-0.58,279.29,-13.76
-0.39,289.36,-13.87
-0.39,299.58,-13.93
-0.77,309.23,-14.00
-0.39,319.45,-14.14
-0.39,329.38,-14.20
0.00,339.88,-14.28
-0.19,349.39,-14.28
-0.58,359.33,-14.31
-0.19,368.98,-14.41
-1.16,378.49,-14.44
0.00,388.13,-14.63
-0.19,397.93,-14.63
-0.39,407.43,-14.67
0.19,416.94,-14.73
-0.58,427.44,-14.70
0.58,437.95,-14.80
-0.39,447.74,-14.70
0.19,457.81,-14.77
0.19,467.46,-14.74
-0.39,476.97,-14.71
0.00,486.62,-14.77
-0.19,495.85,-14.77
0.00,505.92,-14.81
0.00,515.01,-14.81
0.00,524.09,-14.81
0.19,533.60,-14.81
0.00,543.96,-14.77
-0.19,553.18,-14.77
-1.16,562.69,-14.80
-1.55,572.34,-15.00
-1.94,582.27,-15.27
-1.94,591.49,-15.58
-1.36,601.27,-15.91
-2.32,611.06,-16.14
-1.74,621.13,-16.55
-1.94,631.49,-16.86
-2.32,641.98,-17.22
-2.52,652.05,-17.63
-1.74,662.54,-18.09
-1.94,672.61,-18.40
-2.52,682.40,-18.73
-1.94,692.18,-19.16
-2.13,702.54,-19.51
-2.52,712.46,-19.88
-1.74,722.39,-20.31
-1.55,732.18,-20.61
-2.13,741.96,-20.87
-2.13,752.18,-21.25
-0.97,762.95,-21.65
-1.94,773.03,-21.82
-2.13,782.82,-22.16
-1.55,792.60,-22.52
-2.32,802.82,-22.80
-1.94,812.46,-23.19
-1.94,822.10,-23.51
***********
