0.00,0.00,0.00
0.00,0.00,0.00
0.00,0.00,0.00
0.00,0.00,0.00
0.00,0.00,0.00
0.96,5.47,0.00
0.96,18.94,0.22
0.57,26.79,0.36
2.11,40.82,0.50
1.72,46.43,0.70
0.96,54.00,0.93
1.15,54.98,0.95
0.57,58.77,1.02
-4.98,65.64,1.09
-5.93,71.37,0.59
2.11,83.37,-0.65
3.25,91.50,-0.36
6.51,100.61,0.16
6.70,107.44,0.94
6.70,112.73,1.56
6.32,117.75,2.15
-0.57,123.05,2.74
-2.68,127.96,2.69
-3.64,135.10,2.35
2.49,146.03,1.66
2.68,152.61,1.95
12.06,162.56,2.41
3.44,171.48,4.32
3.06,178.20,4.72
2.30,183.52,5.01
-4.40,188.15,5.19
-4.21,193.33,4.79
-4.21,198.92,4.38
0.57,210.81,3.51
1.15,217.13,3.57
6.89,227.23,3.77
6.32,233.49,4.53
1.91,240.33,5.29
1.72,242.15,5.35
-2.11,248.32,5.53
-6.12,254.91,5.29
-4.78,263.14,4.41
2.11,274.88,3.42
2.30,281.19,3.66
2.68,291.00,4.05
3.06,298.01,4.38
2.87,303.19,4.65
3.06,308.10,4.90
1.34,310.20,5.01
-7.27,319.03,5.22
-1.53,325.71,4.37
2.68,337.21,4.06
2.49,344.36,4.39
5.17,353.05,4.77
5.17,359.48,5.35
5.36,364.65,5.82
-1.34,371.21,6.44
-2.30,376.96,6.30
-2.49,383.83,6.03
0.38,393.50,5.61
0.57,400.09,5.65
8.61,408.23,5.73
7.85,413.78,6.57
6.70,419.61,7.38
0.38,426.72,8.21
-0.57,433.88,8.26
-0.96,440.33,8.19
-0.77,446.36,8.09
-1.34,457.16,7.95
-1.15,462.35,7.83
-1.34,468.38,7.71
-1.91,477.78,7.49
-1.91,484.51,7.26
-2.11,490.54,7.06
-2.30,499.09,6.75
-2.49,505.40,6.49
-2.87,510.72,6.26
-2.68,516.47,5.97
-3.06,524.60,5.59
-2.49,530.62,5.27
-1.72,540.15,4.86
-2.11,546.88,4.65
-2.49,553.61,4.41
-1.72,559.22,4.16
-2.49,568.75,3.88
0.19,0.14,0.00
0.19,0.14,0.00
0.19,0.14,0.00
3.83,3.09,0.01
5.17,12.18,0.62
5.36,25.46,1.82
4.98,33.56,2.58
4.40,42.64,3.37
0.00,48.66,3.83
-0.77,55.39,3.83
-5.17,60.02,3.77
-6.51,65.19,3.30
-7.85,69.79,2.78
-4.78,80.35,1.32
-1.91,87.76,0.70
-0.96,97.72,0.37
1.72,104.73,0.25
3.83,110.48,0.43
2.11,114.54,0.70
0.96,119.87,0.89
-3.83,131.79,1.09
-2.68,135.99,0.81
-2.49,143.98,0.44
-3.25,150.70,0.15
-3.44,157.57,-0.24
-1.15,164.29,-0.65
-0.19,173.97,-0.84
-0.00,180.84,-0.87
0.38,186.45,-0.87
0.57,192.48,-0.83
0.19,201.74,-0.73
0.19,208.48,-0.71
-0.19,213.81,-0.69
-0.38,219.00,-0.71
-1.34,229.52,-0.78
-1.53,235.83,-0.93
-1.91,240.88,-1.06
-2.68,251.54,-1.42
-3.06,255.46,-1.60
-1.72,263.44,-2.03
-1.72,270.46,-2.24
-1.72,277.75,-2.46
-2.11,287.00,-2.74
0.96,292.61,-2.94
2.49,298.22,-2.85
2.87,305.79,-2.52
2.87,312.23,-2.20
2.87,317.56,-1.93
2.87,327.65,-1.43
2.68,334.23,-1.10
1.91,341.24,-0.77
1.72,350.07,-0.47
1.72,356.80,-0.27
1.34,362.13,-0.11
0.96,370.55,0.09
0.77,376.02,0.18
-0.19,383.17,0.27
-0.00,390.05,0.25
-0.38,399.59,0.25
-0.77,405.20,0.21
-0.57,410.95,0.14
-0.96,417.68,0.07
-0.96,425.54,-0.06
-0.96,431.71,-0.17
-1.15,439.42,-0.29
-1.72,448.82,-0.48
-1.72,454.99,-0.67
-2.30,460.18,-0.82
-2.87,466.21,-1.07
-3.44,475.03,-1.51
-3.25,481.34,-1.89
-4.02,489.46,-2.35
-4.59,495.48,-2.77
1.34,505.96,-3.61
1.34,512.42,-3.46
1.15,517.04,-3.36
0.96,522.51,-3.25
0.57,528.41,-3.15
0.38,535.28,-3.08
-1.34,546.08,-3.01
-1.91,552.39,-3.15
-2.49,558.70,-3.36
-2.68,566.69,-3.71
-3.64,573.00,-4.01
-4.02,578.04,-4.33
0.00,0.00,0.00
0.00,0.00,0.00
0.00,0.00,0.00
0.00,0.00,0.00
-0.19,1.54,0.00
-0.00,12.91,-0.04
0.38,22.45,-0.04
0.19,36.05,0.05
-0.00,42.09,0.07
-0.57,51.77,0.07
-0.57,55.69,0.03
-0.96,61.59,-0.03
-2.87,66.36,-0.10
-3.44,71.82,-0.38
-3.83,73.50,-0.48
-4.02,82.32,-1.07
-4.21,89.18,-1.55
5.17,102.19,-2.51
5.17,110.57,-1.75
5.17,115.88,-1.27
2.87,120.91,-0.82
0.77,127.21,-0.50
-5.17,132.97,-0.42
-6.12,137.86,-0.87
-6.12,144.27,-1.55
-1.91,153.76,-2.57
2.30,165.54,-2.97
3.64,171.28,-2.74
3.64,178.84,-2.25
3.44,184.86,-1.87
-2.87,191.16,-1.49
-3.25,197.33,-1.80
-3.83,204.75,-2.22
-3.25,215.53,-2.94
-3.25,220.01,-3.20
0.77,228.28,-3.67
0.77,235.01,-3.58
0.57,240.76,-3.50
0.57,249.46,-3.42
0.00,256.33,-3.35
0.00,262.51,-3.35
-0.19,269.38,-3.35
-0.77,276.25,-3.37
-0.96,283.13,-3.46
-1.53,290.56,-3.59
-1.34,296.31,-3.74
-1.72,308.09,-4.01
-1.34,311.18,-4.11
-1.34,322.12,-4.36
-0.96,327.45,-4.49
-0.96,333.34,-4.59
-1.34,341.47,-4.72
-1.53,347.22,-4.86
-1.91,354.52,-5.05
-2.30,360.40,-5.25
5.55,367.55,-5.54
0.00,374.68,-4.84
-0.96,381.83,-4.84
-0.96,387.72,-4.94
-1.15,396.28,-5.08
-1.72,402.87,-5.22
-1.15,408.90,-5.40
-0.96,418.58,-5.59
-0.77,424.89,-5.70
-0.96,430.08,-5.77
-1.15,441.16,-5.95
-1.53,446.49,-6.06
-1.53,451.82,-6.20
-1.91,457.71,-6.36
-2.49,467.10,-6.67
-3.25,474.39,-6.99
-3.64,479.99,-7.31
-4.21,489.38,-7.90
-3.25,495.39,-8.35
-0.96,500.71,-8.65
-0.77,511.23,-8.82
-0.19,515.58,-8.88
-0.77,523.02,-8.91
-0.57,529.61,-9.00
-1.34,536.06,-9.06
-1.72,543.92,-9.24
-2.11,550.65,-9.45
-1.15,556.40,-9.66
-1.53,564.81,-9.83
-1.91,570.42,-9.98
0.00,0.00,0.00
0.00,0.00,0.00
0.00,0.00,0.00
0.00,0.00,0.00
0.00,0.00,0.00
-4.21,3.93,0.00
-6.12,10.92,-0.51
-6.70,25.57,-2.09
-6.70,33.65,-3.04
1.53,45.77,-4.46
2.49,52.64,-4.28
1.34,59.09,-4.00
0.38,65.12,-3.85
0.38,71.01,-3.81
0.38,76.35,-3.78
-1.34,83.22,-3.73
-1.34,88.83,-3.86
-1.72,98.37,-4.09
-1.53,105.80,-4.31
-1.72,111.83,-4.47
-2.49,119.12,-4.69
-2.30,124.59,-4.93
-2.87,132.58,-5.25
-2.87,138.74,-5.56
-3.25,144.07,-5.83
-4.59,151.77,-6.26
-5.17,158.06,-6.77
-6.12,168.82,-7.74
-6.12,175.79,-8.49
-6.12,182.49,-9.21
-5.93,188.77,-9.88
-6.12,196.16,-10.65
-5.74,202.30,-11.31
-5.93,208.30,-11.91
-6.51,214.86,-12.59
-7.08,223.64,-13.60
-7.85,230.32,-14.43
-8.42,236.86,-15.33
-7.46,246.99,-16.83
-7.46,251.16,-17.37
-7.46,258.39,-18.32
-7.46,263.96,-19.05
-8.04,273.55,-20.31
-7.66,280.50,-21.29
-8.23,285.92,-22.02
-7.85,296.20,-23.50
-6.32,302.59,-24.38
-6.32,307.61,-24.94
-5.17,317.09,-25.99
-4.98,323.94,-26.61
-5.17,329.39,-27.08
-5.55,334.42,-27.54
-6.12,343.49,-28.42
-6.51,350.19,-29.14
-7.46,356.46,-29.85
-8.04,365.23,-31.00
-6.51,371.34,-31.86
-6.32,377.89,-32.61
-6.51,386.39,-33.55
-6.32,392.39,-34.24
-6.89,398.38,-34.90
-7.08,406.32,-35.86
-4.78,412.45,-36.62
-2.68,418.18,-37.10
-2.68,427.15,-37.52
-3.06,434.16,-37.85
-3.25,440.74,-38.20
-4.78,447.74,-38.60
-4.98,454.31,-39.15
-5.55,460.60,-39.69
-6.51,469.12,-40.52
-6.32,475.39,-41.24
-6.51,482.50,-42.02
-6.51,493.10,-43.23
-6.12,499.23,-43.93
-6.12,504.25,-44.47
-6.70,512.48,-45.35
-7.27,519.03,-46.12
-8.04,524.60,-46.83
-8.99,531.96,-47.87
-9.19,538.19,-48.86
-9.76,546.09,-50.14
-9.95,553.69,-51.45
-10.53,559.91,-52.54
-11.10,565.56,-53.59
0.00,0.00,0.00
0.00,0.00,0.00
0.00,0.00,0.00
0.00,0.00,0.00
0.00,0.00,0.00
-0.19,4.63,0.00
-0.19,15.01,-0.03
-0.57,21.74,-0.06
-0.77,36.47,-0.20
-1.15,44.05,-0.31
0.57,53.45,-0.49
-0.19,58.78,-0.44
-0.57,63.55,-0.46
-0.77,65.37,-0.48
-0.96,69.72,-0.53
-1.15,76.31,-0.64
-0.77,86.13,-0.84
-1.34,98.33,-1.00
-1.53,105.21,-1.16
2.87,113.48,-1.39
3.25,117.96,-1.16
3.06,122.87,-0.88
-3.64,129.17,-0.54
-4.98,132.11,-0.73
-6.12,143.01,-1.68
-6.32,150.96,-2.53
0.77,159.19,-3.44
0.57,169.15,-3.31
0.19,176.16,-3.24
0.57,182.06,-3.22
0.77,185.84,-3.18
-2.68,191.45,-3.11
-13.01,199.02,-3.46
-13.21,204.90,-4.82
-11.29,211.45,-6.36
-2.30,219.85,-8.03
-0.96,231.48,-8.50
0.38,237.51,-8.60
-0.00,243.97,-8.56
-0.38,250.70,-8.56
-4.21,256.59,-8.60
-6.70,262.89,-9.06
-7.27,266.65,-9.50
-7.08,277.36,-10.87
-6.89,283.07,-11.58
-3.44,294.49,-12.96
-3.06,300.38,-13.31
-3.06,309.90,-13.82
-3.83,315.22,-14.11
-4.59,321.38,-14.52
-5.17,326.56,-14.94
-4.78,331.87,-15.42
-4.98,340.39,-16.13
-5.93,351.16,-17.07
-5.74,357.71,-17.75
-6.12,363.02,-18.28
0.77,369.99,-19.03
-5.36,377.01,-18.94
-6.12,384.83,-19.67
-6.32,393.06,-20.55
-6.32,400.31,-21.36
-7.08,405.61,-21.94
-6.70,411.18,-22.63
-6.70,420.37,-23.71
-6.32,426.78,-24.47
-0.57,432.36,-25.08
-2.30,442.32,-25.18
-2.87,447.51,-25.39
-3.44,452.41,-25.64
-4.02,460.67,-26.13
-4.98,469.49,-26.75
-4.59,475.64,-27.29
-4.78,480.81,-27.71
-5.36,490.74,-28.54
-4.78,497.30,-29.15
-4.78,502.61,-29.60
-4.98,507.51,-30.01
-5.36,516.45,-30.78
-5.55,522.74,-31.37
-5.93,528.32,-31.92
-6.32,537.25,-32.84
-6.89,543.53,-33.54
-7.27,549.38,-34.25
-8.42,559.95,-35.60
-8.80,566.06,-36.50
