0.00,0.00,0.00
0.00,0.00,0.00
1.53,1.12,0.00
5.17,4.07,0.08
6.13,11.76,0.77
3.26,23.35,2.02
0.38,34.70,2.67
-2.87,44.11,2.73
-3.45,51.82,2.34
-2.11,57.29,2.01
2.30,61.36,1.86
7.09,64.87,2.00
11.88,68.63,2.47
10.34,75.22,3.86
5.94,84.20,5.50
0.96,93.98,6.51
-3.06,102.54,6.66
-4.98,109.27,6.30
-4.79,115.56,5.75
-0.77,120.46,5.34
4.98,124.67,5.28
10.34,128.59,5.62
8.81,134.94,6.78
4.21,144.10,8.20
-0.38,153.06,8.86
-3.45,161.77,8.80
-4.21,169.34,8.35
-2.68,175.78,7.87
-0.38,181.95,7.58
4.21,186.72,7.55
9.00,190.22,7.81
8.04,196.46,8.80
3.64,204.67,9.96
-0.77,212.93,10.48
-4.21,221.36,10.37
-4.79,229.06,9.80
-2.68,235.91,9.23
-0.38,241.24,8.98
4.98,245.46,8.95
9.19,249.37,9.29
7.85,256.72,10.48
4.41,265.34,11.67
1.15,274.72,12.39
-1.92,282.86,12.56
-2.11,289.74,12.33
-0.96,296.19,12.09
0.77,301.67,12.00
5.17,306.02,12.06
8.24,309.66,12.38
6.70,317.16,13.47
3.45,326.22,14.54
-0.00,335.75,15.11
-2.30,343.06,15.11
-1.92,349.79,14.84
-0.38,355.68,14.64
3.45,361.30,14.61
8.62,365.64,14.87
9.77,371.47,15.75
6.51,379.36,17.11
2.49,387.87,18.08
-1.15,395.59,18.42
-3.06,402.61,18.28
-2.49,409.19,17.92
-1.53,415.51,17.65
0.38,421.68,17.48
3.45,427.86,17.52
4.98,434.31,17.91
4.79,440.60,18.46
4.21,447.74,19.06
3.06,454.18,19.53
2.11,461.33,19.92
1.72,468.35,20.17
2.30,475.78,20.40
1.92,481.96,20.65
2.49,488.27,20.86
2.68,494.58,21.13
2.49,500.89,21.43
2.49,507.35,21.71
2.49,514.08,22.00
1.92,521.23,22.31
2.11,528.11,22.54
2.11,535.41,22.81
1.72,541.86,23.05
2.68,548.46,23.25
3.26,554.49,23.53
0.00,0.00,0.00
0.00,0.00,0.00
0.38,0.56,0.00
1.34,3.79,0.02
0.19,12.49,0.23
-1.92,23.87,0.26
-2.87,34.67,-0.10
-2.87,43.37,-0.53
-1.92,51.08,-0.92
-0.38,57.25,-1.13
4.79,61.04,-1.15
9.77,64.68,-0.85
10.92,69.94,0.06
7.66,77.80,1.57
3.83,86.43,2.73
0.77,94.55,3.28
-1.34,101.99,3.38
-1.53,109.15,3.21
1.53,114.48,3.07
4.21,119.82,3.21
5.94,126.68,3.71
5.94,133.94,4.47
4.79,140.92,5.20
3.64,148.20,5.81
2.49,154.65,6.22
2.30,161.24,6.50
1.92,167.97,6.77
2.49,175.13,7.01
3.06,181.72,7.30
2.87,188.31,7.65
2.11,194.76,7.98
1.92,201.36,8.22
1.72,208.23,8.45
1.72,214.69,8.64
1.53,221.57,8.85
2.11,228.44,9.03
2.49,235.74,9.30
2.87,241.63,9.56
3.06,248.78,9.92
2.49,255.37,10.27
2.68,262.25,10.57
2.87,269.40,10.90
3.45,276.27,11.25
3.26,282.86,11.64
2.49,289.58,12.03
1.92,296.18,12.31
2.68,302.07,12.51
3.45,308.52,12.81
3.64,315.67,13.24
3.83,323.66,13.75
4.02,331.36,14.27
2.87,338.65,14.78
2.49,345.10,15.10
2.11,351.83,15.40
2.30,358.14,15.63
3.26,364.46,15.88
4.41,371.47,16.28
4.60,378.33,16.81
4.41,384.90,17.34
3.45,391.76,17.87
2.49,398.07,18.25
2.30,404.38,18.52
2.49,410.70,18.78
3.64,417.15,19.06
3.83,424.29,19.51
4.41,431.72,20.01
3.45,438.30,20.51
3.06,444.47,20.89
2.49,451.34,21.25
3.26,457.79,21.53
3.83,464.10,21.89
4.79,470.96,22.35
4.98,478.38,22.97
4.60,485.37,23.58
3.45,492.09,24.12
2.30,497.97,24.48
1.72,504.01,24.72
2.49,509.90,24.90
3.26,516.07,25.17
4.02,523.36,25.58
4.60,531.35,26.14
3.83,538.62,26.73
3.45,544.79,27.14
2.49,551.38,27.54
2.87,557.83,27.82
0.00,0.00,0.00
0.00,0.00,0.00
0.57,0.70,0.00
4.60,3.93,0.03
4.79,12.75,0.74
3.06,23.80,1.67
0.38,35.02,2.27
-1.34,43.58,2.33
-2.87,51.16,2.15
-2.68,57.47,1.83
-0.38,62.80,1.58
2.68,68.42,1.54
6.90,71.50,1.69
10.92,74.71,2.08
8.43,81.74,3.43
3.83,90.63,4.75
-0.77,100.16,5.39
-3.83,108.86,5.27
-3.83,116.43,4.76
-2.87,122.73,4.34
-0.19,128.90,4.03
4.21,133.25,4.02
8.81,136.61,4.27
8.04,142.44,5.17
4.41,150.64,6.33
0.77,159.46,7.01
-1.53,168.45,7.13
-3.06,176.03,6.92
-2.49,182.06,6.60
-0.57,188.23,6.33
1.34,194.13,6.27
3.64,200.58,6.43
4.79,207.59,6.87
4.02,214.58,7.46
2.11,221.87,7.97
0.00,229.02,8.23
-1.34,234.78,8.23
-1.72,240.96,8.09
-0.77,247.27,7.90
-0.38,254.01,7.81
0.77,261.31,7.76
2.49,268.75,7.86
3.45,275.34,8.15
3.83,282.07,8.55
2.49,287.82,8.94
1.15,294.97,9.25
0.77,301.99,9.39
1.34,308.87,9.48
1.72,316.45,9.66
2.68,323.04,9.86
2.87,329.64,10.16
2.87,336.09,10.49
2.30,342.68,10.82
1.53,349.13,11.08
1.15,355.87,11.26
1.92,362.61,11.39
3.06,369.62,11.63
2.68,376.35,11.99
2.49,383.22,12.31
1.92,389.82,12.60
1.92,396.27,12.81
2.49,402.59,13.02
3.26,409.32,13.32
2.87,416.33,13.71
2.87,423.34,14.07
2.11,430.07,14.40
0.77,436.67,14.65
0.57,442.98,14.73
0.77,449.02,14.79
1.72,455.62,14.88
2.87,462.64,15.09
4.02,469.93,15.46
3.83,476.51,15.92
3.45,483.24,16.37
2.68,489.68,16.76
2.49,496.56,17.08
2.11,503.01,17.36
2.30,509.60,17.60
2.11,516.48,17.88
2.68,523.63,18.14
2.68,530.65,18.47
1.72,536.96,18.77
1.92,543.27,18.96
1.92,549.17,19.15
2.49,555.48,19.37
0.19,0.14,0.00
0.19,0.14,0.00
1.15,0.84,0.00
5.17,4.07,0.07
10.92,9.11,0.52
11.88,18.89,2.41
9.77,29.75,4.69
5.94,40.26,6.50
2.68,48.50,7.36
-0.19,55.66,7.70
-1.15,61.98,7.67
0.77,67.59,7.56
3.45,73.21,7.64
5.17,79.51,8.02
6.13,85.25,8.54
4.60,91.95,9.26
2.68,98.66,9.80
0.38,105.96,10.14
-1.34,113.40,10.19
-0.77,120.28,10.03
0.77,127.30,9.93
2.11,133.90,10.02
4.41,140.07,10.25
5.55,145.95,10.70
4.98,152.80,11.37
4.21,159.23,11.93
2.87,166.65,12.47
1.53,174.36,12.86
0.96,181.24,13.05
0.77,188.12,13.16
0.57,194.16,13.24
0.77,199.91,13.30
1.34,206.51,13.39
1.34,212.97,13.54
2.30,220.13,13.71
2.68,227.42,14.00
2.30,234.44,14.33
1.92,240.61,14.57
1.72,247.21,14.80
1.72,253.94,15.00
1.72,260.96,15.21
2.30,267.84,15.42
2.68,274.57,15.69
4.02,281.72,16.02
3.64,288.73,16.51
2.49,296.29,17.00
1.72,303.03,17.29
1.15,309.34,17.48
1.15,316.08,17.61
2.87,322.96,17.75
3.83,330.39,18.12
3.83,336.55,18.54
3.64,343.42,19.00
2.87,349.86,19.41
2.68,356.45,19.74
2.49,363.33,20.06
3.06,370.76,20.38
2.87,377.91,20.77
3.45,384.50,21.10
3.64,391.09,21.49
3.26,396.69,21.85
2.87,402.86,22.20
2.11,409.31,22.52
1.92,416.75,22.80
2.30,424.05,23.04
3.06,431.34,23.33
3.26,437.65,23.67
3.64,444.10,24.04
3.26,449.98,24.41
3.26,456.43,24.78
3.26,463.44,25.18
3.83,470.59,25.59
3.45,477.60,26.05
3.06,484.60,26.48
2.11,491.19,26.83
1.15,497.23,27.05
0.57,502.98,27.17
0.38,509.86,27.24
0.96,516.46,27.28
2.68,523.34,27.40
3.64,531.05,27.76
3.06,537.36,28.16
2.87,543.95,28.51
2.30,550.26,28.83
1.53,556.99,29.10
0.00,0.00,0.00
0.00,0.00,0.00
1.72,1.54,0.00
6.70,5.19,0.11
9.00,12.17,0.93
7.85,22.71,2.60
4.60,33.42,4.08
2.11,42.79,4.83
-0.19,51.21,5.14
-1.72,58.51,5.12
-1.15,64.55,4.93
1.34,69.46,4.84
5.75,72.69,4.91
9.96,76.04,5.25
8.43,82.40,6.37
4.98,91.01,7.64
0.96,100.39,8.46
-2.30,109.51,8.61
-3.06,116.53,8.33
-2.30,122.13,8.03
-0.57,128.45,7.78
4.79,132.38,7.74
9.96,136.16,8.05
10.15,142.93,9.24
5.94,151.78,10.83
1.72,160.71,11.76
-1.92,169.56,12.02
-3.83,176.29,11.80
-3.64,182.32,11.39
-2.30,188.06,11.03
0.38,193.67,10.80
5.55,198.87,10.84
10.73,203.48,11.29
7.47,210.24,12.57
3.26,218.87,13.70
-0.96,227.56,14.19
-3.64,235.42,14.06
-4.02,242.43,13.62
-2.30,249.29,13.13
0.19,255.89,12.87
3.64,261.22,12.89
8.04,265.29,13.14
6.70,271.26,13.99
3.26,279.07,14.91
-0.38,287.06,15.36
-2.68,294.93,15.31
-2.30,302.50,14.95
0.19,309.65,14.67
2.49,315.83,14.69
5.17,322.00,14.96
6.32,327.60,15.46
5.94,334.57,16.24
4.21,341.70,16.98
2.68,349.26,17.53
1.15,355.99,17.85
1.53,362.73,17.98
1.53,369.47,18.16
2.11,376.06,18.34
2.49,382.52,18.58
2.87,388.97,18.86
3.64,395.98,19.21
4.02,402.43,19.62
3.83,409.57,20.12
3.06,416.01,20.55
2.68,422.46,20.90
1.92,428.92,21.20
1.72,435.79,21.43
2.11,442.53,21.63
2.87,449.26,21.88
3.06,456.13,22.23
2.68,462.86,22.59
2.30,469.60,22.90
1.34,475.91,23.16
0.77,482.51,23.31
0.57,489.10,23.40
1.15,495.42,23.46
2.49,502.02,23.59
3.06,509.46,23.92
2.87,515.76,24.26
2.87,522.21,24.58
2.11,528.67,24.90
1.34,535.40,25.15
1.34,542.42,25.32
1.92,549.58,25.48
1.92,556.59,25.72
