0.00,0.00,0.00
0.00,0.00,0.00
0.00,0.00,0.00
0.00,0.00,0.00
0.39,3.41,0.00
0.58,12.91,0.06
0.39,16.75,0.10
0.58,20.29,0.13
0.77,30.65,0.23
0.58,41.30,0.38
0.58,52.08,0.49
0.97,56.05,0.53
2.71,58.75,0.57
2.71,67.26,0.97
3.48,77.75,1.47
3.87,82.00,1.73
4.07,85.54,1.97
4.07,96.01,2.71
4.07,99.97,3.00
4.84,104.22,3.30
5.23,113.84,4.11
5.42,117.94,4.49
5.42,122.74,4.94
5.42,133.19,5.93
5.42,140.82,6.66
6.39,141.53,6.73
8.13,149.57,7.63
8.32,160.39,9.17
8.32,164.32,9.75
8.13,168.39,10.34
7.36,178.51,11.79
7.16,186.25,12.79
7.16,190.75,13.35
6.58,200.75,14.61
6.97,206.11,15.23
6.00,215.55,16.38
5.81,219.36,16.78
6.58,222.74,17.13
5.42,232.61,18.27
4.07,243.21,19.27
3.87,247.32,19.56
3.48,250.71,19.79
3.68,260.49,20.39
3.48,271.39,21.09
3.87,275.36,21.33
3.68,279.18,21.59
3.29,289.10,22.23
2.71,299.72,22.84
3.10,303.41,23.01
3.48,307.66,23.24
3.68,318.00,23.87
3.48,322.39,24.15
4.26,325.79,24.36
3.87,335.98,25.12
3.87,346.17,25.81
4.26,354.39,26.37
4.65,358.63,26.68
4.65,368.82,27.51
4.45,376.88,28.17
4.84,377.73,28.23
5.61,385.36,28.88
5.42,395.67,29.89
5.42,403.59,30.64
6.00,404.29,30.71
7.16,411.91,31.51
6.39,422.62,32.86
5.61,430.80,33.77
5.81,435.46,34.23
4.84,445.20,35.22
4.45,449.16,35.56
3.87,452.70,35.83
3.68,462.75,36.51
4.07,473.51,37.20
4.26,477.62,37.50
4.84,481.44,37.78
4.45,491.62,38.64
4.07,502.66,39.50
4.45,510.58,40.07
5.23,511.43,40.13
5.23,520.19,40.93
5.03,524.29,41.31
4.84,528.11,41.64
3.68,538.29,42.51
2.90,548.77,43.18
2.71,552.88,43.39
***********
0.00,0.00,0.00
0.00,0.00,0.00
0.00,0.00,0.00
0.00,0.00,0.00
0.97,2.98,0.00
-0.39,12.20,0.16
-1.36,16.32,0.13
-0.77,20.43,0.03
-1.36,30.51,-0.11
-2.90,41.58,-0.37
-3.29,45.54,-0.57
-4.45,48.94,-0.76
-5.61,58.28,-1.49
-6.00,68.73,-2.52
-6.20,72.83,-2.95
-5.03,76.49,-3.35
-4.65,86.67,-4.24
-4.84,95.30,-4.95
-4.45,96.15,-5.02
-3.87,105.06,-5.71
-3.87,116.11,-6.46
-3.87,120.07,-6.73
-3.87,124.32,-7.01
-3.87,134.80,-7.72
-2.90,142.87,-8.27
-2.71,144.15,-8.33
-2.71,153.50,-8.78
-2.90,157.33,-8.96
-2.71,162.86,-9.24
-2.32,173.49,-9.74
-1.94,181.43,-10.06
-1.74,182.71,-10.11
-0.97,191.78,-10.38
-0.39,195.62,-10.45
-0.00,199.59,-10.48
-0.00,209.24,-10.48
-0.77,219.46,-10.48
-0.77,227.12,-10.58
-0.00,228.54,-10.60
-0.58,237.20,-10.60
-0.97,244.86,-10.68
-0.97,249.40,-10.75
-1.74,258.76,-10.91
-1.94,262.59,-11.03
-2.13,266.14,-11.15
-1.94,276.21,-11.52
-2.32,286.99,-11.89
-2.13,290.82,-12.04
-2.90,294.79,-12.19
-2.71,304.57,-12.69
-2.32,315.34,-13.20
-2.71,319.60,-13.37
-2.71,323.28,-13.54
-3.10,333.20,-14.01
-2.90,344.12,-14.60
-2.71,347.94,-14.80
-2.71,351.06,-14.94
-2.90,360.56,-15.39
-3.10,371.47,-15.95
-3.29,375.58,-16.17
-2.90,379.83,-16.41
-2.32,389.61,-16.91
-1.94,400.11,-17.34
-0.77,404.08,-17.47
-1.74,408.48,-17.53
-1.94,418.83,-17.84
-1.55,427.06,-18.12
-2.13,431.74,-18.25
-2.13,441.95,-18.63
-1.94,452.87,-19.04
-1.94,456.84,-19.17
-1.36,457.55,-19.19
1.55,464.50,-19.36
1.36,468.33,-19.25
1.16,472.45,-19.16
0.77,482.95,-18.94
0.97,493.87,-18.80
0.97,497.85,-18.73
0.39,501.96,-18.66
0.00,512.04,-18.59
0.00,519.42,-18.59
0.39,520.84,-18.59
0.00,529.64,-18.53
-1.16,537.02,-18.53
-0.58,541.70,-18.63
***********
0.00,0.00,0.00
0.00,0.00,0.00
0.00,0.00,0.00
0.00,0.00,0.00
0.00,0.00,0.00
1.16,3.69,0.00
1.36,6.39,0.05
1.94,11.07,0.17
2.52,21.14,0.51
2.71,32.34,1.00
2.71,36.59,1.20
2.90,40.14,1.37
2.90,50.34,1.88
2.90,60.83,2.42
2.71,64.94,2.63
2.71,67.49,2.75
2.71,76.00,3.15
3.10,86.77,3.66
4.07,95.13,4.11
4.84,95.98,4.17
4.65,104.89,4.93
5.03,115.92,5.82
5.81,119.88,6.17
6.78,120.87,6.27
8.52,128.90,7.23
7.55,136.90,8.42
7.55,141.40,9.02
6.78,151.39,10.35
6.78,155.34,10.81
6.58,159.14,11.27
6.39,169.43,12.45
6.00,177.33,13.34
6.58,181.14,13.74
6.39,190.87,14.86
6.39,194.54,15.27
6.58,197.78,15.64
6.00,207.79,16.79
5.23,218.80,17.95
4.84,222.47,18.28
3.48,226.01,18.58
2.52,236.07,19.20
2.32,246.98,19.68
2.32,251.24,19.85
2.71,255.21,20.01
3.29,264.99,20.47
3.29,272.92,20.93
2.71,277.32,21.18
2.32,286.96,21.64
2.32,290.93,21.80
2.52,295.61,21.99
1.94,305.67,22.43
1.94,316.74,22.80
2.32,320.71,22.94
2.52,324.25,23.08
2.71,334.32,23.53
2.90,342.40,23.91
3.10,347.08,24.15
2.71,357.00,24.68
3.10,367.77,25.19
3.48,371.74,25.41
3.87,375.99,25.67
4.26,385.61,26.32
4.26,396.09,27.10
4.07,399.91,27.38
5.81,402.60,27.57
6.58,412.20,28.55
6.20,416.43,29.04
6.00,419.96,29.42
5.42,429.98,30.47
5.23,440.86,31.51
4.65,444.67,31.86
4.45,447.92,32.12
3.87,457.69,32.88
3.87,468.45,33.61
3.68,472.55,33.89
5.23,475.67,34.09
5.03,485.14,34.95
5.23,496.02,35.91
5.61,499.98,36.27
5.23,504.50,36.72
5.03,514.82,37.66
4.45,518.63,38.00
4.65,521.32,38.21
4.84,531.37,39.02
4.07,542.40,39.96
***********
0.00,0.00,0.00
0.00,0.00,0.00
0.00,0.00,0.00
0.00,0.00,0.00
0.77,3.97,0.00
0.58,13.77,0.13
0.19,18.02,0.18
0.39,22.71,0.19
-0.19,32.78,0.26
-0.19,43.28,0.22
-0.39,47.40,0.21
-0.19,51.51,0.18
-0.58,61.73,0.15
-1.16,72.38,0.04
-1.16,76.06,-0.04
-0.97,80.46,-0.12
-0.58,91.25,-0.31
-0.58,95.22,-0.35
0.39,99.34,-0.39
0.19,109.70,-0.32
0.19,120.77,-0.28
0.39,124.88,-0.27
0.58,129.00,-0.24
0.58,136.38,-0.16
0.39,140.77,-0.12
1.16,150.99,-0.05
0.97,155.11,0.03
1.16,158.94,0.10
0.58,169.30,0.31
0.39,177.67,0.39
0.97,182.35,0.42
1.94,192.43,0.59
2.52,196.26,0.72
2.13,200.23,0.90
1.55,210.30,1.27
0.97,218.67,1.50
1.55,223.35,1.58
1.16,232.71,1.83
1.16,238.95,1.96
1.36,248.18,2.14
1.55,252.01,2.24
1.94,256.26,2.35
1.16,266.19,2.69
0.58,277.12,2.91
0.77,280.95,2.95
0.19,285.35,3.01
0.19,295.28,3.04
-0.19,299.26,3.05
-0.58,303.23,3.04
-0.77,313.30,2.94
-0.97,321.39,2.83
-0.77,326.08,2.75
-0.97,336.15,2.61
-1.36,344.10,2.48
-0.77,347.64,2.39
-0.58,357.44,2.26
-0.39,361.55,2.22
-0.58,365.38,2.19
-0.39,375.46,2.09
-0.58,386.10,2.02
-0.00,389.65,1.98
0.39,393.34,1.98
-0.19,402.85,2.05
-0.00,413.49,2.01
-0.19,423.57,2.01
-0.00,427.11,2.00
0.97,430.95,2.00
0.77,440.45,2.16
1.16,450.95,2.30
1.36,455.07,2.39
1.16,456.63,2.42
1.36,466.42,2.62
0.97,477.49,2.88
0.77,481.60,2.95
0.58,484.87,3.00
0.97,494.52,3.10
0.77,505.44,3.28
0.77,509.70,3.34
1.16,513.67,3.39
1.16,523.60,3.59
1.36,527.72,3.68
1.16,531.83,3.77
1.16,542.05,3.98
0.97,545.88,4.06
1.16,549.99,4.13
***********
0.00,0.00,0.00
0.00,0.00,0.00
0.00,0.00,0.00
0.19,0.43,0.00
0.00,6.81,0.02
-0.39,16.18,0.02
-0.39,24.69,-0.04
0.00,26.11,-0.05
0.39,34.63,-0.05
-0.19,45.55,0.03
-0.97,53.79,0.00
-0.00,54.50,-0.01
0.39,62.44,-0.01
-0.39,72.94,0.06
-0.39,80.61,0.01
-0.39,85.15,-0.02
-0.39,95.37,-0.09
-0.39,99.34,-0.12
-1.16,103.60,-0.15
-1.55,113.53,-0.35
-1.16,124.60,-0.65
-1.16,128.57,-0.73
-1.16,133.11,-0.82
-0.77,143.32,-1.03
-1.16,147.58,-1.09
-1.36,151.41,-1.16
-0.19,161.06,-1.39
0.19,171.85,-1.43
-0.39,176.25,-1.41
-0.00,180.22,-1.44
0.19,184.62,-1.44
0.39,193.84,-1.41
0.97,201.93,-1.35
0.77,202.78,-1.34
1.16,211.01,-1.23
1.36,221.66,-1.01
1.16,225.77,-0.92
0.58,229.88,-0.83
-0.39,239.68,-0.73
-0.97,250.32,-0.80
-0.77,258.69,-0.95
-0.58,263.09,-1.01
-1.16,273.02,-1.11
-1.36,280.83,-1.26
-1.16,281.82,-1.29
-0.97,290.76,-1.47
-0.97,298.42,-1.60
-0.77,299.70,-1.62
-0.97,308.64,-1.74
-1.16,318.71,-1.91
-1.16,322.69,-1.99
-1.16,326.66,-2.07
-0.77,337.16,-2.29
-0.39,345.11,-2.39
0.00,345.96,-2.40
-0.19,354.33,-2.40
0.19,364.83,-2.43
0.39,372.92,-2.41
0.77,374.06,-2.40
0.00,382.85,-2.28
-0.58,392.93,-2.28
-0.77,397.05,-2.32
1.74,399.46,-2.35
2.52,407.83,-2.10
2.13,418.04,-1.65
1.94,426.12,-1.35
2.13,431.08,-1.18
1.36,441.29,-0.80
1.55,445.13,-0.71
1.36,449.81,-0.59
0.58,460.02,-0.34
0.19,470.81,-0.23
0.19,474.78,-0.22
-0.00,478.61,-0.21
-0.58,488.12,-0.21
-0.97,492.09,-0.25
-0.77,496.21,-0.32
-1.16,506.43,-0.46
-1.36,514.51,-0.62
-0.58,515.08,-0.63
-0.58,523.31,-0.72
-0.58,527.29,-0.76
-0.39,531.40,-0.80
-0.97,541.76,-0.87
-0.77,550.13,-1.01
***********
