2.87,2.10,0.00
4.59,6.45,0.22
4.02,13.58,0.79
5.36,19.88,1.23
1.53,26.58,1.86
3.44,34.15,2.06
2.30,42.00,2.54
4.40,48.02,2.78
0.96,55.30,3.34
3.25,62.59,3.46
2.68,70.01,3.88
4.02,76.04,4.16
1.34,81.92,4.58
3.44,87.67,4.71
1.15,94.39,5.12
2.49,100.98,5.25
1.15,107.85,5.55
1.34,115.28,5.70
0.96,121.17,5.83
1.15,128.05,5.95
0.77,135.06,6.09
2.49,141.37,6.17
0.38,148.24,6.47
1.72,155.40,6.52
1.91,161.99,6.72
0.00,168.72,6.94
-0.19,175.59,6.94
1.15,182.18,6.92
1.15,189.20,7.06
0.96,196.63,7.21
1.15,204.35,7.34
0.38,211.36,7.48
0.96,217.95,7.52
0.57,224.40,7.63
1.15,231.56,7.70
1.34,238.71,7.85
1.72,246.00,8.02
1.15,252.60,8.21
0.57,259.75,8.36
0.77,266.90,8.43
0.57,274.06,8.53
2.87,279.67,8.58
0.77,285.69,8.88
0.96,292.29,8.97
2.30,299.44,9.09
1.72,306.59,9.38
2.30,313.46,9.58
1.91,320.47,9.87
3.25,326.78,10.08
1.91,333.64,10.47
1.72,341.07,10.72
1.72,348.93,10.95
1.91,356.36,11.17
1.91,363.65,11.42
1.53,370.66,11.65
1.53,377.67,11.84
1.72,383.98,12.01
4.02,389.59,12.18
0.77,396.73,12.68
1.15,404.02,12.78
1.34,410.89,12.91
2.11,418.19,13.08
2.11,425.48,13.35
2.11,433.05,13.63
2.30,440.48,13.90
-0.57,447.63,14.19
2.49,454.36,14.12
0.19,461.65,14.44
0.77,469.08,14.46
0.96,476.52,14.56
1.15,483.67,14.68
0.96,490.83,14.83
1.15,498.26,14.95
2.11,504.85,15.08
1.53,511.72,15.34
3.83,517.05,15.48
0.57,523.35,15.90
1.72,529.80,15.96
0.38,536.39,16.16
2.30,542.57,16.20
0.57,549.43,16.48
2.30,556.03,16.55
0.77,562.76,16.82
2.30,568.37,16.89
0.77,574.25,17.13
***********
2.68,2.24,0.00
2.30,6.17,0.18
1.72,13.04,0.46
2.68,19.35,0.65
0.96,26.21,0.97
1.72,34.63,1.11
2.30,41.22,1.31
4.98,46.55,1.52
-0.38,52.98,2.08
2.68,59.99,2.04
3.83,66.72,2.35
-0.57,73.86,2.83
2.87,80.59,2.76
-0.77,87.45,3.10
1.53,93.91,3.02
1.15,100.92,3.21
0.00,107.93,3.35
0.00,114.95,3.35
-0.38,121.12,3.35
1.53,126.73,3.31
-0.19,133.88,3.50
0.96,140.90,3.48
0.57,147.63,3.59
2.49,153.52,3.65
0.38,159.83,3.92
2.11,165.58,3.96
-0.19,172.31,4.21
0.19,179.61,4.18
0.00,186.48,4.21
1.34,191.95,4.21
-0.19,198.96,4.37
0.96,205.42,4.35
-0.38,212.29,4.46
-0.38,219.02,4.42
-0.38,226.04,4.37
-0.77,233.05,4.33
-0.19,240.21,4.23
-0.38,246.80,4.21
0.96,253.11,4.17
-0.19,259.00,4.26
1.53,264.76,4.24
1.34,271.35,4.42
-0.57,278.92,4.60
0.77,285.79,4.53
0.77,292.81,4.62
0.77,300.10,4.72
0.38,306.56,4.81
1.53,312.73,4.85
0.77,319.18,5.02
0.77,326.75,5.12
0.96,334.19,5.22
0.57,341.48,5.34
-0.77,347.51,5.40
1.34,353.55,5.32
0.96,360.28,5.48
1.91,366.87,5.59
1.53,374.16,5.83
-0.19,381.31,6.02
0.38,388.47,6.00
1.53,395.76,6.05
1.53,403.34,6.25
0.57,410.21,6.44
1.34,416.94,6.50
1.15,424.09,6.67
1.72,431.25,6.81
1.72,438.82,7.04
1.34,445.55,7.24
0.77,451.86,7.39
2.68,457.47,7.47
-0.57,464.06,7.77
1.91,470.09,7.71
0.00,477.38,7.96
-0.38,484.96,7.96
1.15,491.97,7.91
1.15,499.27,8.06
0.96,505.58,8.18
2.30,511.61,8.28
-0.57,517.36,8.51
0.57,523.53,8.45
0.77,530.68,8.52
1.72,537.56,8.62
-0.57,544.29,8.82
3.06,550.04,8.76
-1.34,556.34,9.10
2.30,561.81,8.97
***********
0.00,0.00,0.00
4.98,3.93,0.00
3.64,8.54,0.40
1.72,14.98,0.81
3.44,21.01,0.99
1.91,27.73,1.40
1.53,35.86,1.67
0.77,43.16,1.86
2.68,49.33,1.95
0.96,55.92,2.25
1.34,63.21,2.38
1.15,70.92,2.56
2.68,77.94,2.70
-0.00,84.66,3.01
1.72,90.69,3.01
0.19,97.71,3.22
-0.00,104.58,3.25
-0.00,111.31,3.25
-0.38,118.05,3.25
-0.00,124.78,3.20
3.25,129.13,3.20
-1.34,135.85,3.58
1.53,143.01,3.42
-0.96,150.16,3.61
3.06,156.47,3.50
-1.53,163.19,3.86
1.72,168.94,3.71
-1.34,175.96,3.92
-0.00,182.83,3.76
0.19,189.42,3.76
-0.96,196.16,3.78
-1.72,203.45,3.66
-0.77,209.76,3.47
-0.57,216.63,3.38
-0.57,223.37,3.31
-0.19,230.38,3.24
-0.00,237.82,3.21
-0.77,244.27,3.21
-0.57,250.86,3.13
-0.57,257.88,3.06
0.77,263.35,3.00
0.19,269.66,3.08
-0.77,277.10,3.11
-0.96,284.25,3.01
-0.38,291.12,2.90
0.57,297.44,2.86
0.19,304.45,2.93
0.96,310.90,2.95
0.77,317.50,3.06
0.19,324.37,3.15
0.96,331.10,3.17
1.15,338.54,3.30
0.38,345.27,3.43
1.15,352.00,3.48
0.38,358.46,3.61
0.96,365.61,3.65
0.38,372.76,3.77
-0.77,380.34,3.82
-0.77,388.19,3.72
0.77,394.37,3.64
0.57,401.52,3.73
0.38,408.67,3.80
0.38,415.97,3.85
0.96,422.56,3.90
0.57,429.86,4.02
1.72,436.59,4.09
-0.19,443.60,4.30
-0.19,450.90,4.27
-0.38,457.77,4.25
0.38,464.50,4.21
0.57,471.66,4.25
1.34,478.67,4.32
0.00,486.11,4.50
-0.38,493.40,4.50
-0.38,500.70,4.45
-0.38,507.71,4.40
0.38,513.60,4.36
0.57,520.20,4.41
2.30,525.67,4.46
-1.34,532.54,4.74
0.77,540.25,4.56
-0.77,546.42,4.64
1.91,552.59,4.56
-1.15,558.48,4.75
2.49,564.23,4.64
***********
2.68,1.96,0.00
7.85,6.31,0.20
4.21,13.12,1.14
4.21,20.67,1.70
5.74,27.39,2.19
2.11,34.23,2.88
5.74,41.94,3.16
2.30,48.92,3.87
5.74,55.09,4.11
1.91,61.79,4.79
5.55,69.50,5.04
3.25,77.32,5.80
4.21,84.46,6.21
5.17,91.32,6.71
2.49,97.74,7.30
4.78,103.63,7.55
2.49,110.62,8.14
3.06,118.33,8.47
2.68,125.33,8.85
5.93,130.24,9.08
0.77,137.07,9.79
4.59,143.81,9.88
0.96,150.38,10.40
4.40,157.11,10.52
0.96,163.83,11.03
4.59,169.86,11.13
2.11,177.27,11.73
1.72,184.00,11.98
2.49,191.01,12.19
1.91,197.32,12.46
1.91,204.05,12.69
1.72,211.20,12.93
3.06,218.07,13.13
2.30,224.79,13.49
1.53,232.08,13.78
1.53,239.10,13.97
1.91,246.11,14.16
2.30,253.12,14.39
1.72,259.99,14.67
2.87,267.00,14.88
3.06,274.14,15.24
2.49,281.29,15.62
2.30,287.59,15.89
4.21,292.92,16.11
2.49,298.94,16.55
4.21,304.68,16.80
3.25,311.26,17.28
3.25,318.54,17.70
3.44,325.69,18.10
3.06,333.25,18.56
3.83,339.97,18.92
3.06,346.41,19.35
3.06,353.42,19.72
3.25,360.28,20.09
3.06,367.70,20.51
3.44,374.99,20.90
2.87,382.41,21.35
2.87,389.42,21.70
4.21,396.00,22.03
3.64,402.86,22.54
2.68,409.72,22.97
2.68,417.56,23.34
2.68,424.57,23.67
3.44,432.14,24.02
2.49,439.28,24.45
3.25,446.85,24.78
3.06,453.71,25.17
4.40,459.46,25.48
3.44,466.59,26.03
4.21,473.31,26.43
3.44,480.59,26.97
3.25,487.45,27.38
3.64,494.73,27.79
4.02,501.73,28.24
4.02,508.45,28.71
2.68,515.59,29.21
3.64,521.89,29.51
3.25,528.61,29.93
5.17,534.78,30.29
2.11,541.76,30.92
4.78,547.65,31.13
1.34,554.36,31.70
5.36,560.11,31.83
1.53,566.81,32.46
4.21,573.83,32.65
***********
2.87,2.38,0.00
6.51,6.45,0.20
2.87,13.00,0.95
6.51,19.58,1.28
3.25,26.69,2.09
6.12,33.00,2.45
3.44,40.25,3.23
5.93,47.67,3.68
4.21,55.07,4.44
5.93,61.08,4.89
3.64,67.78,5.58
6.51,75.20,6.05
4.59,82.17,6.85
5.17,89.58,7.44
6.70,96.85,8.10
3.83,102.56,8.77
6.70,108.30,9.16
4.40,115.27,9.97
4.40,122.54,10.53
4.21,129.95,11.11
6.89,136.11,11.56
2.87,142.93,12.38
7.08,149.10,12.69
2.68,156.20,13.57
6.32,162.78,13.88
2.49,169.48,14.62
5.93,175.08,14.87
4.59,181.36,15.52
5.17,188.21,16.07
4.59,195.06,16.69
3.44,202.33,17.27
3.06,209.05,17.68
3.25,216.48,18.07
2.87,223.48,18.47
3.06,230.63,18.83
3.06,237.91,19.22
4.02,245.34,19.62
4.40,252.89,20.15
5.17,259.89,20.69
4.21,266.45,21.28
4.02,273.59,21.81
3.64,280.31,22.28
3.83,287.17,22.71
4.78,293.47,23.14
7.27,298.92,23.59
2.87,304.07,24.25
6.12,309.81,24.54
4.59,316.51,25.26
7.08,321.96,25.69
4.02,328.37,26.49
4.59,335.22,26.97
5.17,342.91,27.59
3.64,349.90,28.22
3.83,357.60,28.71
3.83,364.88,29.20
4.98,371.88,29.67
5.17,378.73,30.26
5.36,385.57,30.88
5.36,392.84,31.56
5.93,400.24,32.26
4.59,406.52,32.91
5.55,413.09,33.44
5.17,419.79,34.09
4.78,426.78,34.72
5.17,434.05,35.33
4.59,442.01,36.05
4.98,449.56,36.66
4.98,457.11,37.31
4.78,463.68,37.88
4.02,470.67,38.47
5.93,476.55,38.88
4.21,482.27,39.48
5.17,489.12,39.98
5.17,496.11,40.61
6.89,501.84,41.13
4.78,508.10,41.89
6.32,513.70,42.36
5.17,519.55,43.00
7.08,525.14,43.51
4.02,530.99,44.24
5.93,536.87,44.65
3.64,544.12,45.40
5.17,550.56,45.81
4.59,557.41,46.43
5.36,563.84,46.95
***********
