0.00,0.00,0.00
0.00,0.00,0.00
0.00,0.00,0.00
0.00,0.00,0.00
0.00,0.00,0.00
0.00,0.00,0.00
-0.58,3.55,0.00
-2.52,12.63,-0.09
-3.29,23.41,-0.57
-3.48,34.60,-1.21
-3.29,45.51,-1.87
-2.71,56.42,-2.50
-1.55,63.79,-2.85
-1.55,63.79,-2.85
-0.77,68.04,-2.96
-0.58,75.85,-3.07
-0.39,77.12,-3.08
0.19,86.35,-3.15
0.00,97.28,-3.11
0.58,107.64,-3.11
1.16,111.75,-3.07
0.97,115.58,-2.99
1.16,122.82,-2.87
0.97,127.36,-2.78
0.97,137.58,-2.60
0.58,141.27,-2.54
0.19,145.52,-2.50
-1.16,156.17,-2.46
-0.97,164.54,-2.63
-0.77,165.53,-2.65
-0.39,174.33,-2.77
-1.16,185.11,-2.84
-1.74,188.95,-2.92
-2.13,193.77,-3.06
-3.10,204.41,-3.46
-3.10,212.34,-3.89
-3.68,215.88,-4.08
-4.07,225.80,-4.72
-3.87,236.98,-5.51
-3.87,241.23,-5.80
-3.87,244.77,-6.04
-3.68,254.82,-6.72
-3.48,258.64,-6.97
-2.71,262.33,-7.19
-2.71,272.25,-7.66
-2.90,283.17,-8.18
-3.10,286.99,-8.37
-3.48,290.68,-8.57
-3.48,300.88,-9.19
-3.10,311.64,-9.85
-3.48,319.29,-10.26
-3.87,324.11,-10.55
-3.68,334.45,-11.25
-3.87,338.55,-11.52
-3.87,342.24,-11.77
-3.29,352.29,-12.45
-2.13,363.06,-13.07
-1.55,367.17,-13.22
-1.16,371.14,-13.33
-1.16,381.07,-13.53
-1.36,388.88,-13.69
-0.97,389.73,-13.71
0.19,398.53,-13.86
0.19,409.60,-13.82
0.39,413.43,-13.81
0.58,417.26,-13.78
0.97,426.91,-13.68
1.16,435.28,-13.54
1.94,436.42,-13.52
1.36,445.35,-13.21
1.55,453.44,-13.02
1.36,458.12,-12.90
1.74,468.34,-12.66
1.74,472.02,-12.54
1.74,475.71,-12.43
0.58,485.93,-12.12
-0.19,494.16,-12.04
-0.39,499.12,-12.05
0.00,509.34,-12.12
-0.19,512.60,-12.12
-0.19,516.29,-12.14
-0.19,526.51,-12.17
-0.19,535.03,-12.20
-0.39,536.30,-12.20
-1.16,545.39,-12.26
0.00,0.00,0.00
0.00,0.00,0.00
0.00,0.00,0.00
0.00,0.00,0.00
0.00,0.00,0.00
0.00,0.00,0.00
0.00,0.85,0.00
-0.39,7.95,0.00
-0.77,17.60,-0.07
-0.39,28.10,-0.21
-1.55,38.88,-0.28
-2.52,46.69,-0.49
-2.71,51.93,-0.72
-3.29,55.76,-0.90
-3.29,59.73,-1.13
-4.26,70.07,-1.73
-4.45,80.40,-2.50
-3.29,91.44,-3.35
-2.71,95.55,-3.59
-2.71,99.80,-3.79
-2.71,107.74,-4.17
-2.71,108.59,-4.21
-2.71,117.09,-4.61
-3.10,125.03,-4.99
-3.68,129.42,-5.22
-5.03,140.33,-5.93
-5.42,144.57,-6.30
-5.42,148.53,-6.67
-5.03,158.42,-7.61
-4.26,169.16,-8.56
-4.45,173.26,-8.86
-4.26,178.22,-9.25
-4.26,188.69,-10.03
-4.45,192.79,-10.34
-2.90,195.91,-10.58
-2.71,205.69,-11.07
-2.90,216.88,-11.60
-2.71,220.71,-11.80
-2.71,224.96,-12.00
-3.10,235.17,-12.48
-3.29,239.00,-12.69
-3.68,242.96,-12.92
-4.65,253.30,-13.58
-4.65,264.05,-14.46
-4.84,268.16,-14.79
-3.87,271.69,-15.09
-4.07,281.46,-15.75
-3.87,292.08,-16.51
-3.87,296.33,-16.79
-3.87,300.29,-17.06
-4.07,310.34,-17.74
-4.07,321.10,-18.51
-4.07,324.78,-18.77
-3.29,327.90,-18.99
-3.48,337.67,-19.55
-3.48,345.60,-20.03
-4.07,350.28,-20.32
-4.07,359.91,-21.00
-4.26,370.24,-21.74
-4.07,374.06,-22.02
-3.48,376.75,-22.21
-3.68,386.52,-22.81
-3.48,394.88,-23.35
-3.48,396.30,-23.43
-3.29,404.94,-23.96
-3.10,415.85,-24.59
-3.29,419.96,-24.81
-1.55,422.65,-24.96
-1.16,432.30,-25.22
-1.55,436.27,-25.30
-1.55,440.52,-25.42
-2.13,450.60,-25.69
-2.13,461.38,-26.09
-1.94,469.74,-26.40
-1.94,470.88,-26.44
-2.13,479.53,-26.73
-2.13,487.47,-27.03
-1.74,488.61,-27.07
-0.77,497.83,-27.35
-0.58,506.20,-27.47
-0.77,510.31,-27.51
-1.94,520.81,-27.65
-2.52,524.64,-27.78
-3.29,528.33,-27.94
-4.45,538.25,-28.51
0.00,0.00,0.00
0.00,0.00,0.00
0.00,0.00,0.00
0.00,0.00,0.00
0.00,0.00,0.00
0.00,0.00,0.00
-0.39,0.28,0.00
-0.97,7.81,-0.05
-1.94,18.16,-0.23
-2.32,28.66,-0.58
-2.71,39.44,-1.02
-3.10,46.52,-1.35
-2.52,47.80,-1.42
-2.71,54.75,-1.73
-2.71,59.28,-1.94
-3.29,66.80,-2.30
-3.87,71.47,-2.57
-3.68,81.81,-3.27
-3.29,92.57,-3.96
-3.29,96.54,-4.19
-2.71,100.93,-4.44
-2.90,111.28,-4.93
-3.29,115.25,-5.13
-3.48,119.36,-5.37
-3.68,129.70,-6.00
-3.68,138.48,-6.56
-3.29,143.01,-6.85
-2.71,153.07,-7.43
-2.71,157.04,-7.62
-2.90,160.87,-7.80
-2.32,170.65,-8.30
-2.13,179.01,-8.64
-1.74,180.15,-8.68
-2.13,189.23,-8.95
-2.71,199.58,-9.34
-2.52,203.12,-9.51
-1.94,207.80,-9.71
-2.13,218.15,-10.06
-2.32,225.95,-10.35
-1.55,230.21,-10.52
-1.94,240.42,-10.80
-1.94,244.39,-10.94
-2.32,248.37,-11.07
-2.90,258.43,-11.48
-3.48,269.35,-12.03
-3.48,273.31,-12.27
-3.29,277.42,-12.52
-3.10,287.48,-13.10
-3.29,295.27,-13.52
-3.29,299.53,-13.77
-3.29,309.44,-14.34
-3.48,313.27,-14.56
-3.29,317.09,-14.79
-3.68,326.73,-15.35
-3.48,337.35,-16.03
-3.48,345.57,-16.53
-3.48,346.70,-16.60
-3.10,355.48,-17.13
-3.10,365.68,-17.68
-2.90,373.19,-18.09
-2.13,374.05,-18.13
-1.16,382.70,-18.46
-0.77,390.93,-18.62
-1.16,395.89,-18.69
-0.77,405.82,-18.89
-0.77,409.80,-18.94
-0.19,413.06,-18.99
-0.77,422.85,-19.02
-0.97,433.78,-19.17
-1.16,437.61,-19.23
-1.16,441.30,-19.31
-0.77,451.23,-19.51
-0.19,455.06,-19.56
-0.58,458.75,-19.57
-1.55,469.11,-19.68
-1.55,480.18,-19.98
-1.74,484.29,-20.09
-1.55,488.12,-20.21
-1.36,497.91,-20.47
-0.97,506.42,-20.67
-0.97,507.56,-20.69
-0.97,516.64,-20.85
-1.36,527.42,-21.03
-1.36,531.40,-21.12
-0.58,535.37,-21.22
0.00,0.00,0.00
0.00,0.00,0.00
0.00,0.00,0.00
0.00,0.00,0.00
0.00,0.00,0.00
0.00,0.00,0.00
0.39,3.41,0.00
0.77,12.49,0.06
1.55,23.27,0.21
1.74,34.20,0.50
1.36,44.69,0.82
0.00,54.77,1.06
0.19,57.18,1.06
0.19,58.60,1.06
-0.77,65.84,1.09
-1.16,66.97,1.07
-1.36,76.19,0.89
-1.74,86.98,0.63
-1.16,97.62,0.31
0.19,108.54,0.09
0.58,117.06,0.12
0.58,117.06,0.12
0.97,121.03,0.16
0.97,124.44,0.21
0.58,129.54,0.30
-0.19,140.04,0.41
-0.97,151.40,0.37
-0.39,162.32,0.18
-0.00,166.30,0.16
0.77,169.99,0.16
1.94,179.92,0.29
1.55,183.61,0.42
1.55,187.58,0.52
-0.39,195.24,0.73
-0.58,196.52,0.72
-1.55,205.74,0.63
-1.36,216.38,0.34
-0.58,227.45,0.08
0.19,235.40,-0.00
-0.00,236.67,0.00
-0.58,244.48,0.00
-0.77,248.31,-0.04
-1.16,252.28,-0.09
-1.94,262.22,-0.29
-2.90,272.85,-0.65
-2.71,276.68,-0.85
-1.74,280.22,-1.01
-1.74,290.15,-1.32
-1.55,300.79,-1.64
-1.36,304.91,-1.75
-1.94,308.74,-1.84
-2.13,319.09,-2.19
-1.55,329.59,-2.58
-1.55,333.56,-2.69
-1.16,337.81,-2.80
-1.36,347.89,-3.01
-1.36,355.83,-3.20
-0.77,356.54,-3.21
-0.77,365.06,-3.33
-0.77,375.27,-3.47
-0.77,385.49,-3.60
-0.77,389.18,-3.65
0.97,391.59,-3.69
-0.00,401.38,-3.52
-0.00,411.89,-3.52
-0.00,415.58,-3.52
-0.39,419.26,-3.52
0.19,428.77,-3.59
-0.00,436.86,-3.56
-0.00,438.28,-3.56
-0.97,446.65,-3.56
-0.97,457.44,-3.74
-0.97,461.41,-3.81
-1.36,465.38,-3.87
-1.94,475.46,-4.11
-1.74,486.38,-4.48
-2.13,490.35,-4.60
-1.94,493.90,-4.73
-1.74,503.97,-5.08
-1.55,512.34,-5.33
-1.16,513.47,-5.36
-1.36,522.41,-5.54
-0.97,533.19,-5.80
-1.16,537.31,-5.87
-1.55,541.28,-5.95
0.00,0.00,0.00
0.00,0.00,0.00
0.00,0.00,0.00
0.00,0.00,0.00
0.00,0.00,0.00
0.00,0.00,0.00
0.00,0.00,0.00
0.19,2.98,0.00
-0.77,11.92,0.03
-1.55,22.71,-0.12
-1.74,33.63,-0.41
-1.74,44.41,-0.74
-2.13,54.62,-1.05
-1.74,58.03,-1.18
-1.74,58.03,-1.18
-1.36,62.28,-1.31
-1.55,66.11,-1.40
-1.55,70.94,-1.53
-1.94,81.15,-1.80
-1.36,92.07,-2.17
-1.16,103.00,-2.43
0.00,113.78,-2.65
0.19,117.33,-2.65
-0.19,117.90,-2.65
-0.97,126.41,-2.68
-2.32,133.93,-2.80
-2.71,135.35,-2.86
-4.45,145.13,-3.32
-5.42,156.31,-4.19
-5.03,167.05,-5.21
-3.87,171.29,-5.59
-4.45,175.39,-5.86
-3.68,178.79,-6.13
-3.68,182.75,-6.38
-4.45,192.67,-7.02
-6.00,201.16,-7.68
-6.78,204.83,-8.07
-6.97,214.83,-9.26
-7.36,225.54,-10.57
-7.16,233.28,-11.57
-7.16,234.41,-11.71
-7.16,243.42,-12.84
-6.97,250.88,-13.78
-6.78,251.87,-13.90
-6.97,260.46,-14.92
-6.97,271.17,-16.23
-6.20,279.06,-17.19
-5.81,280.19,-17.31
-6.00,288.80,-18.19
-5.81,299.67,-19.33
-6.00,307.71,-20.15
-5.42,308.70,-20.26
-5.81,317.46,-21.09
-5.81,327.91,-22.15
-5.23,338.22,-23.20
-4.65,342.31,-23.57
-4.07,346.42,-23.91
-3.48,356.47,-24.62
-3.29,360.58,-24.87
-2.90,364.26,-25.08
-2.90,374.18,-25.59
-2.71,381.69,-25.97
-2.52,382.97,-26.03
-0.97,391.76,-26.41
-1.16,400.13,-26.56
-1.16,401.27,-26.58
-1.16,410.06,-26.76
-1.16,420.85,-26.98
-1.16,424.82,-27.06
-0.58,428.65,-27.13
-1.16,438.73,-27.24
-1.36,446.81,-27.40
-1.16,451.50,-27.51
-1.74,461.29,-27.71
-1.94,465.40,-27.83
-1.94,469.37,-27.97
-2.32,479.87,-28.32
-2.13,483.70,-28.48
-1.36,486.82,-28.59
-1.94,496.89,-28.83
-2.71,507.67,-29.20
-2.32,511.92,-29.40
-2.52,515.75,-29.55
-3.29,525.67,-29.99
-3.48,536.58,-30.62
