0.00,0.00,0.00
-1.94,3.97,0.00
-4.65,12.77,-0.30
-2.90,22.81,-1.11
-1.74,33.30,-1.65
-1.55,43.94,-1.97
-0.77,53.87,-2.24
-1.74,64.51,-2.38
-0.39,75.15,-2.71
-0.58,85.37,-2.77
-0.77,95.44,-2.88
-0.77,105.94,-3.02
-1.16,116.44,-3.16
-1.36,126.24,-3.36
-1.16,136.31,-3.60
-1.16,146.81,-3.81
-0.77,156.74,-4.01
-0.77,166.67,-4.15
-0.97,176.75,-4.28
-1.16,187.11,-4.46
-1.36,197.46,-4.67
-1.55,207.82,-4.91
-1.74,217.89,-5.18
-1.94,227.68,-5.48
-0.97,237.75,-5.82
-1.36,247.97,-5.99
-0.97,257.76,-6.23
-0.97,267.69,-6.39
-0.58,277.62,-6.56
-0.19,287.84,-6.67
-1.16,297.92,-6.70
-0.77,308.42,-6.91
0.19,318.21,-7.05
-0.58,328.14,-7.01
-0.19,338.08,-7.11
-0.19,348.58,-7.15
0.19,358.80,-7.18
0.00,369.16,-7.15
-0.39,379.09,-7.15
0.00,389.59,-7.22
0.19,399.67,-7.22
0.00,410.03,-7.18
0.00,419.68,-7.18
0.00,429.33,-7.18
0.58,439.12,-7.18
0.77,449.48,-7.08
-0.39,459.13,-6.95
0.00,469.06,-7.01
-0.97,478.00,-7.01
0.58,487.94,-7.18
0.19,498.72,-7.07
-0.58,509.22,-7.04
0.39,519.02,-7.14
-0.19,528.52,-7.07
0.19,538.17,-7.11
0.19,548.11,-7.07
-0.39,557.90,-7.04
0.39,567.83,-7.11
0.00,577.77,-7.04
-0.19,587.28,-7.04
-0.19,597.49,-7.07
0.39,607.57,-7.11
0.19,617.65,-7.04
0.19,627.30,-7.01
0.39,637.09,-6.97
0.39,647.02,-6.91
-0.19,656.81,-6.84
-0.39,666.32,-6.87
-1.36,676.12,-6.94
-0.58,686.05,-7.17
-0.97,696.26,-7.28
-0.19,706.48,-7.45
-1.16,716.84,-7.48
-0.58,726.63,-7.68
-1.16,736.42,-7.78
-0.77,746.64,-7.99
-1.74,756.57,-8.12
-0.39,766.64,-8.43
-0.58,777.00,-8.50
-0.58,787.22,-8.60
-1.36,797.72,-8.71
-1.36,808.22,-8.96
-0.39,818.58,-9.20
-0.19,828.65,-9.27
-0.39,838.73,-9.31
0.00,0.00,0.00
-2.71,3.97,0.00
-7.55,12.34,-0.40
-7.55,22.19,-1.70
-3.87,32.17,-3.03
-3.87,41.80,-3.68
-4.26,52.00,-4.37
-2.90,62.05,-5.12
-2.71,72.11,-5.63
-2.71,82.03,-6.10
-2.52,92.38,-6.59
-3.10,102.73,-7.04
-3.10,112.93,-7.59
-3.29,122.99,-8.14
-2.90,132.91,-8.71
-3.29,143.12,-9.22
-2.71,153.18,-9.80
-2.13,162.96,-10.27
-2.13,172.89,-10.64
-2.52,183.10,-11.02
-1.74,193.30,-11.46
-1.36,203.52,-11.77
-2.32,213.31,-12.01
-1.74,223.37,-12.41
-1.36,233.02,-12.71
-1.74,243.24,-12.95
-1.36,253.45,-13.26
-1.55,263.52,-13.50
-1.55,274.02,-13.78
-1.55,284.52,-14.07
-1.16,295.02,-14.35
-1.94,305.52,-14.56
-1.74,315.87,-14.91
-1.36,326.08,-15.22
-1.55,336.16,-15.46
-0.97,346.23,-15.73
-1.55,356.30,-15.90
-0.97,366.38,-16.18
-1.55,376.45,-16.35
-1.36,386.38,-16.62
-1.94,396.17,-16.85
-1.74,406.52,-17.20
-1.55,416.88,-17.51
-1.74,426.67,-17.78
-0.97,436.31,-18.07
-1.55,446.11,-18.24
-1.74,456.18,-18.51
-1.16,465.97,-18.81
-1.74,475.76,-19.00
-1.74,485.69,-19.31
-1.55,495.76,-19.61
-1.55,505.97,-19.89
-1.74,516.04,-20.16
-1.36,525.97,-20.46
-1.36,535.62,-20.69
-0.77,545.41,-20.92
-0.97,555.49,-21.06
-1.55,564.99,-21.22
-1.36,574.78,-21.49
-2.52,584.14,-21.71
-1.94,594.49,-22.16
-2.90,604.57,-22.50
-1.94,614.91,-23.03
-2.13,624.98,-23.37
-2.90,634.91,-23.74
-2.13,644.83,-24.24
-2.71,654.90,-24.61
-2.90,664.96,-25.09
-3.10,675.03,-25.60
-2.32,685.23,-26.15
-2.32,695.72,-26.58
-2.52,706.08,-27.00
-2.71,716.43,-27.45
-3.10,726.63,-27.94
-2.90,736.69,-28.48
-1.55,746.76,-28.99
-2.52,756.55,-29.26
-3.29,765.62,-29.66
-1.74,776.10,-30.26
-1.74,786.60,-30.58
-2.52,797.10,-30.90
-2.52,807.31,-31.35
-2.71,817.66,-31.80
-2.52,827.72,-32.28
-2.90,837.65,-32.71
0.00,0.00,0.00
-1.55,3.69,0.00
-5.23,12.06,-0.23
-5.81,22.09,-1.14
-3.48,31.98,-2.15
-3.29,42.03,-2.76
-3.29,51.95,-3.33
-2.71,62.30,-3.93
-3.29,72.79,-4.42
-3.29,82.70,-4.99
-3.48,92.76,-5.57
-2.90,102.82,-6.19
-3.29,113.02,-6.70
-2.90,122.94,-7.27
-2.90,132.86,-7.78
-2.32,142.64,-8.27
-2.13,153.00,-8.69
-2.13,163.21,-9.07
-2.71,173.28,-9.45
-2.71,183.20,-9.92
-2.32,193.40,-10.40
-1.94,203.05,-10.79
-2.90,213.12,-11.13
-2.32,223.18,-11.64
-2.13,233.53,-12.06
-1.94,243.89,-12.45
-2.52,254.24,-12.80
-2.52,264.45,-13.25
-2.32,275.08,-13.71
-2.52,285.43,-14.13
-2.90,295.64,-14.58
-2.52,305.56,-15.08
-2.32,315.91,-15.54
-2.13,325.98,-15.95
-2.52,336.19,-16.33
-2.71,345.97,-16.76
-2.52,356.32,-17.25
-2.71,366.39,-17.69
-2.90,377.02,-18.19
-2.90,387.22,-18.71
-2.52,397.15,-19.21
-2.32,406.65,-19.63
-3.10,416.57,-20.03
-2.71,426.49,-20.57
-2.52,436.27,-21.03
-2.52,446.20,-21.47
-3.10,456.26,-21.91
-3.10,466.18,-22.45
-2.90,476.24,-22.99
-2.90,486.45,-23.51
-2.32,496.51,-24.02
-2.71,506.15,-24.41
-2.32,515.94,-24.88
-2.71,525.58,-25.27
-3.10,535.22,-25.72
-3.10,544.85,-26.25
-4.26,554.49,-26.77
-3.48,564.96,-27.55
-4.65,574.88,-28.15
-3.87,585.06,-28.98
-4.45,595.12,-29.66
-4.26,604.88,-30.42
-4.26,614.79,-31.16
-4.65,624.98,-31.92
-4.84,634.74,-32.71
-5.03,644.78,-33.56
-4.26,654.95,-34.46
-4.45,665.57,-35.25
-5.23,675.61,-36.03
-4.65,685.93,-36.97
-4.84,696.26,-37.81
-4.65,706.30,-38.66
-4.07,716.34,-39.48
-4.26,726.11,-40.17
-5.23,735.02,-40.84
-3.87,745.62,-41.81
-3.87,756.10,-42.52
-4.65,766.58,-43.22
-4.45,776.62,-44.04
-4.65,786.95,-44.85
-4.84,796.99,-45.66
-4.26,806.75,-46.49
-4.07,816.52,-47.21
-3.87,826.57,-47.93
-4.07,835.77,-48.55
0.00,0.00,0.00
-2.13,2.98,0.00
-6.58,10.78,-0.29
-6.58,20.65,-1.43
-3.29,30.66,-2.58
-1.74,40.86,-3.17
-2.13,50.79,-3.47
-1.36,61.28,-3.86
-1.74,71.78,-4.11
-1.74,81.43,-4.40
-1.16,91.22,-4.70
-0.97,101.57,-4.91
-0.97,111.51,-5.08
-0.58,121.44,-5.25
-0.19,131.37,-5.35
0.19,141.59,-5.38
0.00,151.67,-5.35
0.19,161.46,-5.35
0.00,171.25,-5.32
-0.19,180.76,-5.32
0.77,190.55,-5.35
1.36,200.63,-5.21
0.19,210.56,-4.98
0.97,220.49,-4.94
0.97,230.99,-4.77
0.97,241.78,-4.58
0.39,252.14,-4.41
0.77,262.64,-4.34
0.77,272.85,-4.20
0.97,283.21,-4.06
1.16,293.29,-3.89
1.16,303.79,-3.68
0.97,313.58,-3.48
1.55,323.65,-3.31
0.77,333.87,-3.03
0.58,344.23,-2.89
1.55,354.30,-2.79
0.97,364.09,-2.53
0.97,374.31,-2.35
0.58,384.52,-2.18
1.74,394.17,-2.08
1.55,403.96,-1.79
0.77,413.61,-1.52
1.16,423.40,-1.39
1.16,433.33,-1.19
1.74,443.41,-0.99
1.55,453.19,-0.69
1.36,463.27,-0.42
1.36,473.48,-0.17
1.94,483.55,0.06
2.13,493.34,0.39
1.94,503.41,0.77
1.94,513.05,1.10
2.32,522.98,1.43
1.36,532.77,1.83
1.94,542.56,2.06
0.39,552.49,2.39
0.58,562.84,2.46
0.58,573.06,2.57
0.58,583.00,2.67
0.97,592.65,2.77
0.97,602.86,2.94
0.77,612.94,3.11
0.39,622.87,3.24
0.19,632.95,3.31
0.39,643.02,3.35
0.58,653.67,3.42
0.58,664.17,3.52
0.19,674.38,3.63
0.39,684.46,3.66
0.58,694.54,3.73
0.97,704.75,3.83
0.97,714.69,4.00
1.55,724.34,4.16
0.19,733.56,4.41
1.36,744.06,4.45
0.97,755.12,4.71
0.58,765.34,4.88
0.97,775.56,4.99
0.39,785.63,5.16
1.16,795.28,5.22
1.16,805.22,5.42
1.55,815.15,5.63
1.36,824.94,5.89
1.16,834.73,6.12
0.00,0.00,0.00
-1.16,3.12,0.00
-5.42,11.07,-0.16
-6.00,20.82,-1.09
-3.87,30.84,-2.14
-3.68,40.61,-2.80
-3.48,50.66,-3.45
-4.07,60.72,-4.06
-3.68,70.63,-4.76
-3.10,80.68,-5.41
-3.68,90.46,-5.94
-3.87,100.52,-6.59
-3.10,110.43,-7.26
-2.71,120.63,-7.81
-2.90,130.70,-8.29
-3.29,140.90,-8.80
-2.90,150.54,-9.36
-3.29,160.46,-9.86
-2.90,170.09,-10.41
-3.10,180.16,-10.93
-2.90,189.51,-11.43
-2.52,199.43,-11.93
-2.52,209.35,-12.37
-2.32,219.70,-12.83
-2.90,230.06,-13.25
-2.71,240.69,-13.78
-2.71,250.61,-14.25
-3.10,260.53,-14.72
-2.71,270.73,-15.28
-2.52,281.08,-15.77
-1.94,290.87,-16.20
-2.32,300.79,-16.53
-2.52,310.86,-16.94
-2.13,321.07,-17.39
-2.13,331.00,-17.76
-2.13,341.21,-18.14
-3.10,350.71,-18.49
-2.52,360.49,-19.02
-2.13,370.70,-19.47
-2.13,380.91,-19.85
-2.32,390.13,-20.19
-2.32,399.77,-20.58
-2.13,409.55,-20.98
-1.94,419.62,-21.35
-2.52,429.69,-21.69
-1.94,439.47,-22.12
-2.71,449.12,-22.45
-2.52,458.62,-22.90
-2.13,468.26,-23.32
-2.71,478.04,-23.69
-2.32,487.97,-24.16
-1.74,497.47,-24.54
-1.74,507.11,-24.84
-2.32,516.90,-25.13
-2.52,526.97,-25.54
-2.32,536.47,-25.96
-3.29,545.97,-26.35
-3.29,555.89,-26.92
-3.87,565.38,-27.46
-3.29,575.15,-28.12
-2.32,585.21,-28.70
-3.29,594.99,-29.10
-3.29,604.91,-29.67
-3.48,614.97,-30.25
-3.10,625.17,-30.87
-3.10,635.37,-31.42
-3.10,645.86,-31.99
-3.10,655.78,-32.53
-3.29,665.84,-33.07
-2.52,675.76,-33.64
-2.90,686.25,-34.10
-3.29,695.89,-34.59
-2.13,705.80,-35.16
-2.90,715.45,-35.52
-3.10,724.94,-36.00
-2.52,735.29,-36.56
-2.71,746.21,-37.04
-3.68,756.27,-37.52
-2.90,766.19,-38.15
-3.29,776.11,-38.66
-2.52,786.31,-39.24
-2.90,795.95,-39.67
-2.32,805.73,-40.16
-2.52,815.51,-40.56
-2.52,825.15,-40.98
